# Migration is number of nodes that have changed color.

Round		Edge-Cut		Swaps		Migrations		Skipped
0		10128		4720		3142
1		10009		9440		3216
2		9975		14160		3400
3		9884		18880		3388
4		9785		23599		3442
5		9679		28319		3417
6		9522		33039		3461
7		9503		37759		3443
8		9462		42478		3473
9		9494		47198		3482
10		9428		51917		3493
11		9363		56637		3485
12		9466		61357		3485
13		9448		66077		3526
14		9471		70796		3554
15		9495		75516		3479
16		9384		80236		3504
17		9402		84956		3520
18		9399		89676		3511
19		9355		94396		3522
20		9446		99116		3544
21		9454		103836		3500
22		9376		108556		3480
23		9372		113276		3501
24		9274		117996		3481
25		9335		122715		3581
26		9245		127434		3557
27		9256		132154		3588
28		9356		136874		3525
29		9352		141594		3486
30		9373		146314		3507
31		9338		151033		3614
32		9340		155752		3525
33		9262		160471		3518
34		9244		165190		3581
35		9087		169910		3517
36		9211		174630		3507
37		9242		179350		3534
38		9315		184070		3492
39		9232		188790		3555
40		9214		193510		3501
41		9240		198230		3546
42		9262		202950		3530
43		9392		207670		3538
44		9283		212390		3560
45		9347		217110		3488
46		9268		221830		3509
47		9327		226550		3565
48		9457		231270		3514
49		9363		235990		3468
50		9365		240710		3491
51		9412		245430		3480
52		9405		250149		3469
53		9415		254869		3461
54		9358		259589		3519
55		9267		264309		3481
56		9303		269029		3556
57		9372		273749		3577
58		9365		278468		3539
59		9313		283188		3482
60		9457		287906		3553
61		9496		292626		3518
62		9450		297346		3482
63		9375		302065		3509
64		9414		306785		3498
65		9402		311505		3505
66		9320		316224		3516
67		9318		320944		3489
68		9308		325664		3507
69		9215		330383		3489
70		9257		335103		3494
71		9341		339823		3522
72		9318		344543		3543
73		9329		349263		3506
74		9345		353982		3511
75		9279		358702		3543
76		9391		363422		3549
77		9351		368142		3565
78		9347		372862		3531
79		9430		377581		3509
80		9454		382301		3559
81		9395		387021		3488
82		9454		391740		3533
83		9428		396460		3571
84		9416		401180		3511
85		9424		405900		3538
86		9398		410620		3481
87		9403		415340		3527
88		9465		420060		3517
89		9470		424780		3488
90		9479		429500		3556
91		9419		434220		3527
92		9438		438940		3548
93		9420		443660		3501
94		9403		448380		3528
95		9436		453100		3540
96		9406		457818		3561
97		9360		462538		3525
98		9328		467258		3574
99		9338		471978		3546
100		9446		476698		3561
101		9472		481418		3550
102		9430		486138		3554
103		9412		490858		3560
104		9372		495578		3556
105		9400		500298		3588
106		9356		505018		3554
107		9293		509738		3548
108		9218		514458		3552
109		9213		519178		3453
110		9228		523898		3498
111		9312		528618		3515
112		9313		533338		3466
113		9297		538058		3542
114		9268		542778		3564
115		9361		547498		3592
116		9290		552218		3587
117		9288		556938		3608
118		9333		561657		3564
119		9242		566377		3501
120		9329		571097		3513
121		9349		575816		3513
122		9321		580536		3525
123		9417		585255		3538
124		9378		589975		3510
125		9375		594695		3551
126		9408		599415		3578
127		9392		604135		3543
128		9351		608855		3543
129		9440		613575		3559
130		9357		618295		3585
131		9433		623015		3509
132		9361		627735		3605
133		9431		632455		3492
134		9351		637175		3552
135		9344		641895		3518
136		9350		646615		3538
137		9338		651335		3555
138		9405		656055		3505
139		9366		660775		3535
140		9383		665494		3514
141		9352		670213		3558
142		9383		674933		3520
143		9300		679653		3537
144		9309		684373		3587
145		9360		689092		3596
146		9293		693812		3544
147		9388		698532		3545
148		9322		703252		3553
149		9281		707972		3505
150		9412		712692		3569
151		9367		717411		3457
152		9359		722131		3541
153		9400		726851		3491
154		9306		731571		3479
155		9335		736291		3517
156		9318		741011		3562
157		9338		745731		3524
158		9280		750450		3508
159		9270		755170		3496
160		9285		759890		3516
161		9252		764610		3490
162		9369		769330		3533
163		9391		774050		3549
164		9386		778769		3566
165		9436		783489		3542
166		9387		788209		3539
167		9326		792929		3513
168		9338		797649		3580
169		9354		802369		3517
170		9282		807088		3498
171		9325		811808		3528
172		9415		816528		3519
173		9429		821248		3510
174		9399		825968		3515
175		9453		830688		3529
176		9499		835408		3606
177		9396		840128		3560
178		9380		844848		3540
179		9452		849568		3557
180		9501		854288		3535
181		9441		859008		3549
182		9410		863728		3507
183		9477		868448		3569
184		9472		873168		3479
185		9457		877888		3510
186		9335		882608		3544
187		9360		887327		3529
188		9407		892047		3524
189		9462		896767		3558
190		9319		901487		3560
191		9389		906207		3563
192		9363		910927		3575
193		9305		915645		3529
194		9399		920365		3533
195		9349		925085		3512
196		9324		929803		3520
197		9301		934523		3510
198		9233		939243		3502
199		9366		943962		3527
200		9374		948682		3516
201		9427		953402		3540
202		9348		958122		3461
203		9373		962842		3507
204		9371		967561		3468
205		9363		972281		3458
206		9302		977001		3540
207		9321		981721		3503
208		9343		986441		3495
209		9291		991161		3508
210		9293		995881		3510
211		9309		1000601		3539
212		9321		1005320		3534
213		9317		1010040		3574
214		9382		1014760		3542
215		9355		1019480		3548
216		9365		1024199		3527
217		9301		1028919		3502
218		9301		1033639		3522
219		9229		1038359		3559
220		9310		1043079		3492
221		9323		1047799		3511
222		9279		1052519		3536
223		9337		1057239		3537
224		9310		1061959		3529
225		9353		1066678		3538
226		9319		1071398		3526
227		9343		1076117		3487
228		9330		1080837		3569
229		9345		1085557		3539
230		9413		1090277		3540
231		9361		1094997		3529
232		9424		1099716		3529
233		9424		1104436		3554
234		9430		1109156		3571
235		9331		1113875		3506
236		9371		1118594		3533
237		9332		1123314		3514
238		9405		1128034		3546
239		9318		1132754		3521
240		9326		1137474		3519
241		9273		1142194		3538
242		9218		1146914		3501
243		9156		1151634		3529
244		9268		1156354		3464
245		9251		1161074		3556
246		9320		1165794		3563
247		9389		1170513		3546
248		9377		1175233		3512
249		9348		1179953		3509
250		9293		1184673		3552
251		9286		1189393		3555
252		9273		1194113		3564
253		9284		1198833		3548
254		9281		1203552		3585
255		9279		1208272		3552
256		9293		1212987		3545
257		9276		1217707		3577
258		9294		1222426		3574
259		9295		1227146		3515
260		9258		1231866		3575
261		9235		1236586		3528
262		9237		1241306		3569
263		9281		1246025		3543
264		9290		1250745		3553
265		9288		1255465		3510
266		9417		1260185		3562
267		9269		1264905		3542
268		9224		1269625		3591
269		9346		1274345		3519
270		9277		1279065		3515
271		9342		1283785		3504
272		9320		1288504		3507
273		9322		1293223		3505
274		9262		1297943		3558
275		9285		1302663		3560
276		9359		1307383		3524
277		9368		1312103		3519
278		9363		1316823		3543
279		9285		1321543		3525
280		9259		1326263		3517
281		9323		1330983		3561
282		9404		1335703		3556
283		9335		1340423		3464
284		9353		1345142		3526
285		9235		1349862		3543
286		9301		1354581		3508
287		9231		1359301		3516
288		9335		1364021		3526
289		9320		1368740		3500
290		9282		1373460		3522
291		9185		1378179		3533
292		9276		1382899		3484
293		9353		1387619		3545
294		9297		1392338		3562
295		9311		1397058		3539
296		9298		1401778		3545
297		9169		1406498		3540
298		9233		1411218		3544
299		9326		1415938		3543
300		9446		1420657		3546
301		9425		1425377		3507
302		9407		1430097		3560
303		9436		1434817		3520
304		9324		1439537		3566
305		9380		1444257		3487
306		9437		1448977		3537
307		9307		1453697		3544
308		9385		1458416		3593
309		9379		1463136		3543
310		9374		1467856		3528
311		9431		1472576		3546
312		9333		1477296		3541
313		9400		1482015		3568
314		9327		1486735		3553
315		9312		1491455		3539
316		9312		1496175		3588
317		9343		1500895		3481
318		9362		1505615		3555
319		9317		1510335		3517
320		9341		1515053		3530
321		9230		1519772		3511
322		9155		1524492		3532
323		9149		1529210		3541
324		9197		1533930		3613
325		9183		1538650		3564
326		9180		1543370		3558
327		9269		1548090		3513
328		9252		1552810		3534
329		9284		1557530		3534
330		9344		1562250		3484
331		9267		1566969		3478
332		9298		1571689		3489
333		9324		1576409		3524
334		9324		1581129		3517
335		9331		1585848		3492
336		9344		1590568		3487
337		9275		1595288		3541
338		9242		1600008		3490
339		9246		1604728		3566
340		9205		1609448		3538
341		9247		1614168		3565
342		9288		1618888		3539
343		9334		1623607		3536
344		9294		1628327		3514
345		9308		1633047		3521
346		9208		1637767		3507
347		9183		1642486		3533
348		9166		1647206		3523
349		9234		1651926		3483
350		9174		1656646		3500
351		9241		1661364		3544
352		9247		1666083		3527
353		9199		1670803		3528
354		9131		1675523		3549
355		9187		1680243		3473
356		9184		1684963		3524
357		9206		1689683		3547
358		9175		1694403		3523
359		9196		1699123		3502
360		9199		1703843		3478
361		9262		1708563		3543
362		9244		1713283		3506
363		9242		1718003		3536
364		9298		1722723		3476
365		9300		1727443		3534
366		9344		1732163		3525
367		9386		1736883		3503
368		9261		1741603		3518
369		9270		1746323		3546
370		9352		1751043		3541
371		9295		1755763		3541
372		9440		1760483		3556
373		9305		1765203		3559
374		9307		1769923		3528
375		9338		1774642		3554
376		9403		1779362		3556
377		9322		1784082		3582
378		9274		1788802		3540
379		9308		1793522		3529
380		9330		1798242		3522
381		9330		1802962		3531
382		9283		1807682		3577
383		9274		1812402		3557
384		9276		1817122		3550
385		9249		1821842		3519
386		9300		1826562		3503
387		9259		1831282		3469
388		9213		1836002		3568
389		9226		1840721		3500
390		9076		1845441		3545
391		9144		1850161		3480
392		9219		1854881		3503
393		9191		1859601		3516
394		9224		1864321		3567
395		9246		1869041		3503
396		9180		1873761		3496
397		9313		1878481		3510
398		9332		1883200		3537
399		9361		1887920		3548
400		9401		1892640		3458
401		9267		1897360		3518
402		9308		1902080		3488
403		9269		1906800		3496
404		9260		1911520		3531
405		9321		1916239		3491
406		9277		1920959		3511
407		9310		1925679		3563
408		9342		1930398		3531
409		9281		1935118		3526
410		9347		1939838		3524
411		9280		1944558		3564
412		9235		1949278		3577
413		9244		1953998		3498
414		9282		1958716		3522
415		9256		1963436		3498
416		9206		1968156		3545
417		9242		1972876		3573
418		9190		1977596		3525
419		9226		1982316		3513
420		9171		1987035		3561
421		9110		1991755		3584
422		9245		1996474		3516
423		9312		2001194		3524
424		9322		2005914		3542
425		9311		2010633		3572
426		9372		2015353		3582
427		9401		2020073		3494
428		9427		2024793		3565
429		9355		2029513		3562
430		9347		2034233		3534
431		9362		2038953		3569
432		9333		2043673		3574
433		9304		2048393		3538
434		9342		2053112		3515
435		9316		2057832		3525
436		9307		2062552		3536
437		9286		2067271		3536
438		9283		2071991		3452
439		9270		2076711		3524
440		9241		2081431		3526
441		9251		2086151		3498
442		9273		2090871		3529
443		9156		2095591		3533
444		9306		2100309		3571
445		9317		2105027		3507
446		9378		2109747		3541
447		9404		2114467		3594
448		9366		2119187		3543
449		9299		2123906		3460
450		9375		2128626		3585
451		9342		2133346		3537
452		9285		2138065		3515
453		9255		2142784		3543
454		9331		2147504		3538
455		9301		2152224		3499
456		9329		2156944		3526
457		9302		2161664		3545
458		9371		2166384		3509
459		9293		2171104		3561
460		9311		2175824		3550
461		9390		2180544		3537
462		9433		2185264		3573
463		9377		2189983		3521
464		9409		2194703		3552
465		9344		2199423		3536
466		9361		2204143		3544
467		9227		2208862		3566
468		9182		2213582		3573
469		9204		2218302		3611
470		9268		2223022		3551
471		9255		2227740		3480
472		9339		2232460		3511
473		9312		2237180		3532
474		9354		2241900		3555
475		9288		2246620		3571
476		9368		2251340		3550
477		9239		2256060		3503
478		9239		2260780		3497
479		9252		2265500		3521
480		9281		2270220		3540
481		9215		2274940		3595
482		9233		2279660		3574
483		9223		2284380		3571
484		9355		2289100		3551
485		9405		2293820		3573
486		9396		2298540		3553
487		9383		2303260		3569
488		9396		2307979		3528
489		9401		2312699		3478
490		9367		2317419		3528
491		9286		2322137		3499
492		9272		2326857		3571
493		9282		2331577		3536
494		9298		2336297		3484
495		9327		2341016		3485
496		9329		2345736		3468
497		9271		2350456		3497
498		9248		2355176		3536
499		9242		2359896		3475
500		9350		2364616		3550
501		9189		2369336		3536
502		9309		2374056		3537
503		9344		2378776		3507
504		9347		2383496		3521
505		9263		2388215		3502
506		9223		2392935		3563
507		9321		2397655		3520
508		9267		2402375		3540
509		9329		2407095		3541
510		9226		2411815		3552
511		9249		2416535		3566
512		9241		2421255		3521
513		9279		2425975		3538
514		9260		2430695		3538
515		9431		2435415		3566
516		9402		2440135		3518
517		9380		2444855		3540
518		9409		2449575		3515
519		9374		2454295		3514
520		9393		2459015		3508
521		9421		2463735		3528
522		9339		2468455		3533
523		9385		2473175		3494
524		9300		2477895		3539
525		9282		2482614		3516
526		9351		2487333		3493
527		9332		2492053		3528
528		9271		2496773		3507
529		9188		2501493		3520
530		9287		2506212		3552
531		9330		2510931		3552
532		9150		2515651		3538
533		9217		2520371		3544
534		9210		2525091		3509
535		9325		2529811		3518
536		9357		2534531		3575
537		9390		2539251		3501
538		9416		2543971		3553
539		9396		2548690		3464
540		9391		2553409		3481
541		9451		2558129		3549
542		9408		2562848		3517
543		9419		2567568		3564
544		9476		2572288		3542
545		9373		2577007		3569
546		9272		2581727		3496
547		9337		2586447		3554
548		9280		2591167		3548
549		9290		2595887		3556
550		9286		2600607		3493
551		9261		2605327		3535
552		9299		2610046		3533
553		9339		2614766		3559
554		9292		2619486		3530
555		9289		2624206		3526
556		9314		2628926		3516
557		9428		2633646		3562
558		9388		2638366		3503
559		9385		2643086		3535
560		9278		2647806		3557
561		9359		2652526		3551
562		9363		2657246		3515
563		9338		2661966		3532
564		9310		2666686		3508
565		9260		2671405		3569
566		9294		2676125		3564
567		9274		2680845		3529
568		9244		2685565		3534
569		9263		2690284		3488
570		9289		2695004		3500
571		9272		2699724		3534
572		9256		2704444		3532
573		9239		2709163		3537
574		9226		2713883		3479
575		9223		2718603		3517
576		9263		2723322		3591
577		9205		2728041		3532
578		9243		2732761		3559
579		9192		2737481		3552
580		9318		2742201		3503
581		9323		2746921		3560
582		9311		2751641		3507
583		9342		2756360		3509
584		9333		2761080		3543
585		9257		2765799		3548
586		9295		2770519		3520
587		9176		2775238		3539
588		9358		2779958		3557
589		9375		2784678		3521
590		9350		2789398		3562
591		9416		2794116		3557
592		9351		2798836		3509
593		9349		2803555		3518
594		9411		2808274		3528
595		9388		2812993		3549
596		9389		2817713		3560
597		9312		2822433		3530
598		9382		2827153		3525
599		9403		2831873		3577
600		9336		2836593		3451
601		9264		2841313		3487
602		9252		2846032		3528
603		9339		2850752		3532
604		9349		2855472		3532
605		9427		2860191		3559
606		9386		2864911		3555
607		9313		2869631		3494
608		9380		2874351		3515
609		9320		2879071		3485
610		9325		2883791		3458
611		9367		2888510		3505
612		9302		2893230		3531
613		9323		2897950		3488
614		9309		2902670		3549
615		9359		2907389		3513
616		9301		2912109		3490
617		9292		2916829		3515
618		9328		2921548		3518
619		9341		2926268		3483
620		9373		2930988		3491
621		9413		2935708		3510
622		9467		2940428		3502
623		9442		2945148		3531
624		9393		2949868		3509
625		9235		2954588		3520
626		9219		2959306		3519
627		9349		2964026		3524
628		9206		2968746		3505
629		9256		2973465		3535
630		9229		2978185		3533
631		9169		2982905		3493
632		9326		2987624		3512
633		9323		2992343		3554
634		9284		2997062		3541
635		9281		3001782		3586
636		9238		3006502		3588
637		9282		3011222		3550
638		9284		3015942		3483
639		9321		3020662		3481
640		9292		3025382		3532
641		9257		3030102		3461
642		9370		3034822		3473
643		9400		3039542		3508
644		9379		3044262		3462
645		9293		3048982		3526
646		9303		3053702		3521
647		9353		3058420		3508
648		9333		3063139		3468
649		9366		3067859		3448
650		9378		3072579		3508
651		9278		3077298		3500
652		9365		3082018		3463
653		9221		3086738		3495
654		9244		3091458		3466
655		9333		3096178		3493
656		9284		3100897		3502
657		9286		3105616		3541
658		9440		3110336		3537
659		9439		3115056		3540
660		9319		3119776		3571
661		9310		3124496		3561
662		9346		3129216		3532
663		9321		3133936		3536
664		9385		3138656		3541
665		9365		3143376		3561
666		9314		3148096		3522
667		9419		3152816		3480
668		9318		3157536		3504
669		9362		3162255		3493
670		9253		3166975		3557
671		9353		3171695		3510
672		9334		3176415		3467
673		9419		3181135		3515
674		9441		3185855		3533
675		9432		3190575		3527
676		9392		3195295		3541
677		9302		3200015		3581
678		9313		3204735		3596
679		9396		3209455		3552
680		9329		3214175		3554
681		9218		3218895		3545
682		9197		3223615		3562
683		9178		3228335		3571
684		9224		3233055		3577
685		9252		3237775		3548
686		9372		3242495		3565
687		9410		3247214		3494
688		9332		3251934		3518
689		9268		3256653		3506
690		9267		3261373		3542
691		9184		3266093		3548
692		9257		3270813		3525
693		9263		3275531		3549
694		9296		3280251		3525
695		9277		3284971		3546
696		9337		3289690		3541
697		9327		3294410		3551
698		9403		3299130		3576
699		9300		3303850		3530
700		9234		3308570		3549
701		9220		3313290		3523
702		9276		3318010		3481
703		9319		3322730		3521
704		9324		3327450		3511
705		9312		3332170		3534
706		9298		3336890		3547
707		9179		3341610		3509
708		9224		3346330		3521
709		9224		3351050		3592
710		9277		3355770		3595
711		9258		3360490		3559
712		9321		3365210		3549
713		9256		3369930		3522
714		9263		3374650		3534
715		9247		3379370		3509
716		9328		3384090		3471
717		9240		3388810		3505
718		9283		3393530		3560
719		9345		3398250		3517
720		9273		3402970		3540
721		9423		3407690		3563
722		9364		3412410		3531
723		9341		3417130		3549
724		9368		3421849		3568
725		9300		3426569		3542
726		9311		3431289		3501
727		9284		3436009		3499
728		9272		3440729		3501
729		9309		3445449		3484
730		9343		3450169		3544
731		9300		3454889		3572
732		9349		3459609		3532
733		9366		3464329		3540
734		9282		3469049		3543
735		9329		3473767		3522
736		9306		3478487		3534
737		9288		3483207		3518
738		9230		3487926		3557
739		9252		3492646		3509
740		9288		3497366		3524
741		9226		3502086		3562
742		9233		3506806		3526
743		9156		3511526		3516
744		9310		3516246		3542
745		9259		3520966		3581
746		9202		3525686		3547
747		9192		3530406		3548
748		9328		3535126		3579
749		9318		3539846		3526
750		9372		3544566		3529
751		9286		3549285		3530
752		9261		3554005		3545
753		9233		3558724		3541
754		9324		3563444		3523
755		9374		3568164		3509
756		9337		3572883		3488
757		9264		3577603		3480
758		9358		3582323		3509
759		9308		3587043		3510
760		9399		3591763		3568
761		9399		3596483		3537
762		9364		3601203		3517
763		9366		3605923		3539
764		9308		3610643		3567
765		9331		3615362		3533
766		9301		3620081		3575
767		9314		3624801		3559
768		9288		3629521		3586
769		9287		3634241		3601
770		9277		3638961		3533
771		9303		3643681		3567
772		9311		3648401		3501
773		9261		3653121		3537
774		9191		3657839		3504
775		9225		3662559		3522
776		9178		3667279		3529
777		9238		3671999		3523
778		9272		3676719		3541
779		9345		3681438		3566
780		9285		3686158		3575
781		9151		3690878		3533
782		9213		3695598		3586
783		9204		3700318		3566
784		9254		3705038		3557
785		9272		3709758		3517
786		9230		3714478		3507
787		9255		3719196		3489
788		9229		3723916		3507
789		9181		3728636		3509
790		9316		3733356		3570
791		9371		3738076		3543
792		9422		3742796		3528
793		9364		3747516		3586
794		9298		3752236		3586
795		9248		3756956		3571
796		9235		3761676		3562
797		9274		3766396		3563
798		9348		3771116		3546
799		9392		3775835		3548
800		9380		3780555		3575
801		9305		3785275		3539
802		9231		3789995		3496
803		9176		3794715		3514
804		9100		3799435		3532
805		9326		3804155		3584
806		9345		3808875		3579
807		9322		3813595		3580
808		9303		3818314		3488
809		9259		3823033		3540
810		9316		3827753		3517
811		9373		3832473		3585
812		9436		3837193		3528
813		9422		3841912		3509
814		9236		3846632		3549
815		9318		3851352		3563
816		9302		3856072		3497
817		9395		3860790		3513
818		9390		3865509		3533
819		9332		3870229		3519
820		9367		3874949		3483
821		9397		3879669		3555
822		9361		3884388		3585
823		9345		3889107		3520
824		9313		3893827		3559
825		9169		3898547		3605
826		9136		3903267		3534
827		9207		3907987		3527
828		9228		3912707		3533
829		9320		3917427		3591
830		9292		3922147		3549
831		9416		3926867		3552
832		9413		3931587		3492
833		9399		3936307		3568
834		9337		3941027		3556
835		9272		3945747		3540
836		9272		3950466		3546
837		9200		3955186		3556
838		9272		3959905		3586
839		9296		3964625		3567
840		9348		3969345		3578
841		9313		3974064		3561
842		9227		3978784		3548
843		9265		3983504		3558
844		9335		3988224		3587
845		9336		3992944		3495
846		9295		3997664		3510
847		9280		4002384		3518
848		9321		4007104		3521
849		9213		4011824		3568
850		9239		4016544		3536
851		9211		4021264		3531
852		9247		4025983		3567
853		9244		4030703		3538
854		9359		4035422		3570
855		9308		4040142		3552
856		9299		4044862		3557
857		9260		4049582		3584
858		9381		4054302		3540
859		9336		4059022		3531
860		9291		4063742		3570
861		9247		4068462		3575
862		9317		4073182		3572
863		9285		4077902		3522
864		9180		4082622		3557
865		9151		4087342		3569
866		9161		4092062		3549
867		9192		4096782		3559
868		9103		4101502		3596
869		9136		4106222		3530
870		9164		4110942		3472
871		9168		4115662		3584
872		9201		4120382		3513
873		9204		4125102		3474
874		9175		4129822		3527
875		9242		4134542		3561
876		9186		4139262		3554
877		9098		4143981		3528
878		9115		4148700		3542
879		9188		4153420		3524
880		9195		4158140		3543
881		9315		4162860		3550
882		9224		4167580		3542
883		9183		4172300		3562
884		9223		4177020		3572
885		9265		4181740		3516
886		9191		4186460		3554
887		9224		4191180		3569
888		9261		4195900		3533
889		9218		4200620		3540
890		9236		4205340		3531
891		9304		4210060		3574
892		9302		4214780		3544
893		9382		4219500		3555
894		9302		4224220		3506
895		9314		4228940		3493
896		9410		4233660		3479
897		9348		4238380		3535
898		9312		4243100		3547
899		9404		4247820		3558
900		9354		4252540		3557
901		9351		4257260		3515
902		9335		4261980		3546
903		9362		4266700		3547
904		9280		4271420		3540
905		9294		4276140		3534
906		9300		4280860		3531
907		9309		4285580		3518
908		9356		4290300		3569
909		9330		4295019		3481
910		9329		4299737		3507
911		9338		4304457		3576
912		9322		4309177		3545
913		9342		4313896		3539
914		9295		4318616		3568
915		9278		4323335		3565
916		9232		4328054		3587
917		9290		4332774		3598
918		9407		4337494		3591
919		9401		4342214		3579
920		9433		4346934		3507
921		9311		4351654		3549
922		9331		4356374		3503
923		9414		4361094		3501
924		9376		4365814		3536
925		9485		4370534		3528
926		9460		4375254		3553
927		9363		4379974		3550
928		9317		4384694		3548
929		9262		4389413		3505
930		9186		4394133		3570
931		9295		4398853		3508
932		9327		4403572		3537
933		9317		4408292		3523
934		9353		4413012		3515
935		9303		4417731		3535
936		9404		4422451		3551
937		9326		4427171		3569
938		9331		4431890		3534
939		9279		4436610		3525
940		9176		4441330		3563
941		9205		4446050		3557
942		9262		4450770		3509
943		9333		4455490		3488
944		9184		4460209		3520
945		9272		4464928		3553
946		9307		4469648		3598
947		9313		4474368		3538
948		9189		4479088		3510
949		9280		4483808		3539
950		9282		4488528		3532
951		9268		4493248		3529
952		9266		4497968		3531
953		9309		4502687		3488
954		9288		4507406		3524
955		9316		4512126		3518
956		9312		4516846		3512
957		9269		4521565		3497
958		9291		4526282		3468
959		9250		4531002		3481
960		9227		4535722		3476
961		9196		4540441		3469
962		9275		4545161		3523
963		9321		4549881		3539
964		9255		4554601		3544
965		9325		4559320		3531
966		9223		4564040		3544
967		9257		4568760		3517
968		9209		4573480		3545
969		9167		4578199		3525
970		9289		4582919		3568
971		9337		4587639		3529
972		9262		4592359		3508
973		9218		4597079		3480
974		9210		4601799		3532
975		9226		4606519		3529
976		9279		4611238		3585
977		9296		4615958		3596
978		9293		4620678		3511
979		9222		4625398		3615
980		9246		4630118		3560
981		9295		4634838		3538
982		9295		4639558		3554
983		9261		4644278		3510
984		9279		4648998		3573
985		9305		4653718		3605
986		9357		4658438		3540
987		9385		4663158		3530
988		9431		4667878		3590
989		9388		4672598		3570
990		9289		4677318		3528
991		9244		4682038		3558
992		9323		4686758		3537
993		9318		4691478		3572
994		9246		4696198		3500
995		9202		4700918		3538
996		9207		4705637		3599
997		9268		4710356		3581
998		9276		4715074		3545
999		9259		4719794		3562
