# Migration is number of nodes that have changed color.

Round		Edge-Cut		Swaps		Migrations		Skipped
0		8904		4719		3001
1		8313		9439		3014
2		7823		14159		3106
3		7414		18879		3078
4		7163		23599		3121
5		6906		28319		3175
6		6735		33038		3164
7		6550		37757		3149
8		6466		42477		3219
9		6292		47197		3212
10		6123		51916		3222
11		6036		56633		3224
12		5958		61351		3217
13		5834		66068		3216
14		5705		70782		3203
15		5657		75497		3247
16		5488		80216		3253
17		5360		84933		3246
18		5306		89653		3222
19		5202		94369		3220
20		5098		99087		3234
21		5031		103802		3230
22		5035		108513		3250
23		5001		113232		3225
24		4962		117947		3231
25		4875		122659		3229
26		4810		127370		3222
27		4754		132083		3212
28		4753		136797		3222
29		4749		141512		3219
30		4709		146223		3236
31		4675		150935		3253
32		4669		155647		3231
33		4622		160359		3235
34		4472		161075		3226
35		4369		161648		3223
36		4266		162173		3228
37		4140		162686		3215
38		4057		163155		3196
39		3963		163611		3216
40		3875		164021		3213
41		3781		164382		3214
42		3743		164715		3197
43		3656		165027		3222
44		3625		165342		3217
45		3580		165669		3219
46		3560		165936		3218
47		3501		166228		3234
48		3455		166471		3223
49		3435		166728		3229
50		3413		166962		3217
51		3371		167224		3219
52		3337		167475		3209
53		3312		167707		3221
54		3299		167916		3233
55		3277		168147		3233
56		3222		168365		3234
57		3148		168566		3241
58		3144		168819		3237
59		3116		169023		3241
60		3085		169209		3242
61		3068		169433		3248
62		3050		169613		3246
63		3022		169797		3243
64		2975		169996		3248
65		2952		170181		3254
66		2923		170359		3257
67		2913		170529		3250
68		2906		170650		3266
69		2859		170816		3262
70		2842		170970		3267
71		2834		171112		3271
72		2825		171275		3272
73		2805		171432		3281
74		2782		171573		3282
75		2785		171723		3265
76		2749		171866		3274
77		2719		172010		3268
78		2727		172155		3270
79		2714		172255		3271
80		2694		172357		3270
81		2688		172461		3272
82		2674		172568		3280
83		2640		172680		3276
84		2625		172767		3283
85		2632		172874		3277
86		2632		172973		3282
87		2611		173099		3284
88		2597		173224		3294
89		2573		173321		3299
90		2578		173410		3294
91		2577		173504		3283
92		2572		173629		3292
93		2568		173763		3301
94		2552		173857		3299
95		2532		173953		3303
96		2524		174054		3302
97		2500		174145		3303
98		2490		174209		3305
99		2490		174275		3301
100		2485		174339		3298
101		2495		174430		3296
102		2487		174510		3305
103		2474		174598		3299
104		2449		174676		3306
105		2453		174751		3303
106		2430		174837		3312
107		2427		174926		3318
108		2411		174997		3316
109		2405		175097		3312
110		2399		175191		3306
111		2393		175293		3311
112		2386		175391		3316
113		2371		175455		3313
114		2375		175532		3314
115		2357		175585		3313
116		2336		175651		3321
117		2328		175699		3314
118		2329		175760		3311
119		2325		175815		3308
120		2301		175871		3315
121		2300		175903		3316
122		2293		175941		3318
123		2288		175979		3321
124		2293		176014		3327
125		2282		176068		3318
126		2270		176101		3319
127		2266		176133		3316
128		2256		176163		3318
129		2249		176184		3321
130		2248		176215		3321
131		2240		176239		3320
132		2241		176257		3322
133		2239		176286		3325
134		2242		176307		3322
135		2242		176331		3323
136		2236		176352		3330
137		2234		176377		3325
138		2233		176400		3326
139		2227		176416		3326
140		2227		176433		3322
141		2224		176451		3326
142		2221		176465		3323
143		2222		176491		3320
144		2224		176513		3323
145		2220		176531		3322
146		2218		176552		3321
147		2214		176582		3322
148		2219		176609		3323
149		2215		176632		3322
150		2214		176662		3322
151		2218		176685		3324
152		2220		176703		3327
153		2215		176722		3324
154		2211		176738		3325
155		2203		176756		3321
156		2201		176770		3320
157		2199		176781		3319
158		2202		176792		3316
159		2202		176809		3321
160		2198		176834		3322
161		2193		176852		3324
162		2193		176862		3323
163		2191		176873		3327
164		2194		176882		3328
165		2196		176893		3325
166		2190		176908		3327
167		2191		176920		3329
168		2193		176923		3327
169		2193		176931		3330
170		2195		176937		3330
171		2195		176947		3330
172		2196		176954		3329
173		2196		176963		3331
174		2194		176971		3328
175		2197		176986		3326
176		2199		176997		3327
177		2204		177021		3334
178		2194		177043		3330
179		2196		177057		3330
180		2195		177079		3331
181		2189		177097		3331
182		2186		177110		3333
183		2186		177120		3331
184		2187		177130		3332
185		2182		177141		3329
186		2183		177150		3328
187		2180		177154		3330
188		2179		177158		3330
189		2178		177162		3329
190		2178		177165		3330
191		2177		177170		3330
192		2175		177175		3332
193		2177		177180		3333
194		2178		177192		3334
195		2177		177195		3333
196		2186		177216		3332
197		2186		177230		3330
198		2187		177240		3328
199		2190		177252		3332
200		2191		177261		3330
201		2188		177279		3329
202		2189		177296		3329
203		2185		177304		3328
204		2182		177311		3329
205		2179		177317		3331
206		2179		177321		3328
207		2180		177328		3327
208		2178		177330		3328
209		2177		177337		3326
210		2177		177350		3327
211		2179		177354		3326
212		2181		177358		3325
213		2175		177365		3326
214		2174		177369		3324
215		2173		177374		3325
216		2174		177378		3325
217		2174		177382		3326
218		2174		177387		3326
219		2174		177395		3325
220		2175		177402		3323
221		2176		177406		3324
222		2173		177411		3324
223		2175		177414		3322
224		2177		177417		3320
225		2176		177421		3323
226		2171		177428		3325
227		2171		177428		3325
228		2171		177430		3325
229		2171		177430		3325
230		2171		177432		3325
231		2169		177434		3323
232		2169		177436		3323
233		2169		177438		3323
234		2170		177441		3323
235		2170		177441		3323
236		2170		177443		3324
237		2170		177445		3324
238		2169		177446		3323
239		2169		177448		3323
240		2169		177450		3323
241		2172		177454		3324
242		2172		177457		3324
243		2172		177460		3325
244		2170		177465		3324
245		2170		177467		3324
246		2170		177467		3324
247		2170		177468		3324
248		2172		177469		3325
249		2169		177471		3324
250		2169		177471		3324
251		2214		182190		3331
252		2262		186910		3327
253		2266		191629		3333
254		2267		196349		3327
255		2294		201069		3323
256		2294		205787		3326
257		2284		210504		3333
258		2298		215221		3329
259		2308		219938		3322
260		2318		224656		3324
261		2301		229371		3329
262		2316		234088		3333
263		2334		238805		3324
264		2311		243523		3337
265		2338		248241		3328
266		2356		252960		3342
267		2343		257679		3334
268		2324		262398		3317
269		2335		267114		3318
270		2342		271829		3313
271		2337		276546		3312
272		2327		281261		3317
273		2325		285978		3321
274		2321		290695		3327
275		2322		295411		3336
276		2314		300128		3329
277		2316		304847		3331
278		2307		309561		3320
279		2320		314278		3321
280		2310		318993		3328
281		2305		323708		3336
282		2293		328423		3322
283		2283		333140		3323
284		2276		333320		3334
285		2256		333466		3326
286		2246		333584		3333
287		2222		333703		3331
288		2217		333819		3341
289		2219		333929		3335
290		2197		334021		3345
291		2202		334119		3344
292		2187		334232		3349
293		2178		334338		3343
294		2167		334417		3345
295		2157		334498		3346
296		2147		334580		3346
297		2146		334655		3343
298		2140		334746		3348
299		2120		334813		3341
300		2120		334865		3346
301		2097		334943		3346
302		2088		334978		3346
303		2080		335021		3342
304		2084		335076		3339
305		2079		335129		3342
306		2068		335161		3348
307		2066		335200		3344
308		2064		335226		3347
309		2059		335256		3350
310		2056		335283		3351
311		2047		335300		3352
312		2035		335314		3353
313		2033		335326		3349
314		2037		335348		3352
315		2033		335366		3349
316		2032		335386		3346
317		2029		335407		3344
318		2028		335430		3344
319		2025		335455		3342
320		2021		335472		3343
321		2023		335492		3344
322		2018		335503		3343
323		2013		335517		3347
324		2013		335526		3347
325		2013		335537		3348
326		2015		335550		3348
327		2012		335567		3345
328		2010		335579		3341
329		2010		335610		3343
330		2006		335624		3344
331		2004		335641		3346
332		2004		335655		3345
333		2002		335662		3342
334		2000		335674		3342
335		1998		335681		3341
336		2002		335694		3341
337		1997		335708		3336
338		1994		335713		3339
339		1991		335725		3339
340		1992		335729		3340
341		1991		335737		3339
342		1986		335749		3341
343		1993		335760		3339
344		1994		335771		3339
345		1994		335785		3339
346		1991		335792		3337
347		1992		335797		3336
348		1988		335812		3338
349		1985		335821		3340
350		1985		335832		3339
351		1985		335842		3339
352		1980		335852		3336
353		1982		335861		3340
354		1981		335865		3339
355		1983		335874		3339
356		1982		335881		3337
357		1980		335885		3338
358		1977		335893		3338
359		1980		335906		3337
360		1983		335913		3332
361		1984		335922		3336
362		1979		335932		3333
363		1975		335941		3335
364		1977		335948		3337
365		1975		335953		3333
366		1972		335955		3334
367		1972		335957		3334
368		1973		335962		3334
369		1971		335967		3333
370		1973		335975		3334
371		1973		335980		3333
372		1973		335988		3335
373		1971		335993		3335
374		1970		335999		3334
375		1975		336007		3337
376		1977		336021		3335
377		1973		336029		3336
378		1971		336035		3338
379		1973		336040		3336
380		1970		336050		3340
381		1969		336052		3339
382		1969		336056		3339
383		1969		336059		3339
384		1967		336062		3338
385		1967		336064		3338
386		1967		336065		3338
387		1965		336069		3339
388		1963		336070		3337
389		1963		336070		3337
390		1963		336070		3337
391		1963		336070		3337
392		1963		336070		3337
393		1963		336070		3337
394		1963		336070		3337
395		1963		336070		3337
396		1963		336070		3337
397		1961		336071		3335
398		1961		336071		3335
399		1961		336071		3335
400		1961		336071		3335
401		1961		336071		3335
402		1961		336071		3335
403		1961		336071		3335
404		1961		336071		3335
405		1961		336071		3335
406		1961		336071		3335
407		1961		336071		3335
408		1961		336071		3335
409		1961		336071		3335
410		1961		336071		3335
411		1961		336071		3335
412		1961		336071		3335
413		1961		336071		3335
414		1961		336071		3335
415		1961		336071		3335
416		1961		336071		3335
417		1961		336071		3335
418		1961		336071		3335
419		1961		336071		3335
420		1961		336071		3335
421		1961		336071		3335
422		1961		336071		3335
423		1961		336071		3335
424		1961		336071		3335
425		1961		336071		3335
426		1961		336071		3335
427		1961		336071		3335
428		1961		336071		3335
429		1961		336071		3335
430		1961		336071		3335
431		1961		336071		3335
432		1961		336071		3335
433		1961		336071		3335
434		1961		336071		3335
435		1961		336071		3335
436		1961		336071		3335
437		1961		336071		3335
438		1961		336071		3335
439		1961		336071		3335
440		1961		336071		3335
441		1961		336071		3335
442		1961		336071		3335
443		1961		336071		3335
444		1961		336071		3335
445		1961		336071		3335
446		1961		336071		3335
447		1961		336071		3335
448		1961		336071		3335
449		1961		336071		3335
450		1961		336071		3335
451		1961		336071		3335
452		1961		336071		3335
453		1961		336071		3335
454		1961		336071		3335
455		1961		336071		3335
456		1961		336071		3335
457		1961		336071		3335
458		1961		336071		3335
459		1961		336071		3335
460		1961		336071		3335
461		1961		336071		3335
462		1961		336071		3335
463		1961		336071		3335
464		1961		336071		3335
465		1961		336071		3335
466		1961		336071		3335
467		1961		336071		3335
468		1961		336071		3335
469		1961		336071		3335
470		1961		336071		3335
471		1961		336071		3335
472		1961		336071		3335
473		1961		336071		3335
474		1961		336071		3335
475		1961		336071		3335
476		1961		336071		3335
477		1961		336071		3335
478		1961		336071		3335
479		1961		336071		3335
480		1961		336071		3335
481		1961		336071		3335
482		1961		336071		3335
483		1961		336071		3335
484		1961		336071		3335
485		1961		336071		3335
486		1961		336071		3335
487		1961		336071		3335
488		1961		336071		3335
489		1961		336071		3335
490		1961		336071		3335
491		1961		336071		3335
492		1961		336071		3335
493		1961		336071		3335
494		1961		336071		3335
495		1961		336071		3335
496		1961		336071		3335
497		1961		336071		3335
498		1961		336071		3335
499		1961		336071		3335
500		1961		336071		3335
501		1961		336071		3335
502		1961		336071		3335
503		1961		336071		3335
504		1961		336071		3335
505		1961		336071		3335
506		1961		336071		3335
507		1961		336071		3335
508		1961		336071		3335
509		1961		336071		3335
510		1961		336071		3335
511		1961		336071		3335
512		1961		336071		3335
513		1961		336071		3335
514		1961		336071		3335
515		1961		336071		3335
516		1961		336071		3335
517		1961		336071		3335
518		1961		336071		3335
519		1961		336071		3335
520		1961		336071		3335
521		1961		336071		3335
522		1961		336071		3335
523		1961		336071		3335
524		1961		336071		3335
525		1961		336071		3335
526		1961		336071		3335
527		1961		336071		3335
528		1961		336071		3335
529		1961		336071		3335
530		1961		336071		3335
531		1961		336071		3335
532		1961		336071		3335
533		1961		336071		3335
534		1961		336071		3335
535		1961		336071		3335
536		1961		336071		3335
537		1961		336071		3335
538		1961		336071		3335
539		1961		336071		3335
540		1961		336071		3335
541		1961		336071		3335
542		1961		336071		3335
543		1961		336071		3335
544		1961		336071		3335
545		1961		336071		3335
546		1961		336071		3335
547		1961		336071		3335
548		1961		336071		3335
549		1961		336071		3335
550		1961		336071		3335
551		1961		336071		3335
552		1961		336071		3335
553		1961		336071		3335
554		1961		336071		3335
555		1961		336071		3335
556		1961		336071		3335
557		1961		336071		3335
558		1961		336071		3335
559		1961		336071		3335
560		1961		336071		3335
561		1961		336071		3335
562		1961		336071		3335
563		1961		336071		3335
564		1961		336071		3335
565		1961		336071		3335
566		1961		336071		3335
567		1961		336071		3335
568		1961		336071		3335
569		1961		336071		3335
570		1961		336071		3335
571		1961		336071		3335
572		1961		336071		3335
573		1961		336071		3335
574		1961		336071		3335
575		1961		336071		3335
576		1961		336071		3335
577		1961		336071		3335
578		1961		336071		3335
579		1961		336071		3335
580		1961		336071		3335
581		1961		336071		3335
582		1961		336071		3335
583		1961		336071		3335
584		1961		336071		3335
585		1961		336071		3335
586		1961		336071		3335
587		1961		336071		3335
588		1961		336071		3335
589		1961		336071		3335
590		1961		336071		3335
591		1961		336071		3335
592		1961		336071		3335
593		1961		336071		3335
594		1961		336071		3335
595		1961		336071		3335
596		1961		336071		3335
597		1961		336071		3335
598		1961		336071		3335
599		1961		336071		3335
600		1961		336071		3335
601		1961		336071		3335
602		1961		336071		3335
603		1961		336071		3335
604		1961		336071		3335
605		1961		336071		3335
606		1961		336071		3335
607		1961		336071		3335
608		1961		336071		3335
609		1961		336071		3335
610		1961		336071		3335
611		1961		336071		3335
612		1961		336071		3335
613		1961		336071		3335
614		1961		336071		3335
615		1961		336071		3335
616		1961		336071		3335
617		1961		336071		3335
618		1961		336071		3335
619		1961		336071		3335
620		1961		336071		3335
621		1961		336071		3335
622		1961		336071		3335
623		1961		336071		3335
624		1961		336071		3335
625		1961		336071		3335
626		1961		336071		3335
627		1961		336071		3335
628		1961		336071		3335
629		1961		336071		3335
630		1961		336071		3335
631		1961		336071		3335
632		1961		336071		3335
633		1961		336071		3335
634		1961		336071		3335
635		1961		336071		3335
636		1961		336071		3335
637		1961		336071		3335
638		1961		336071		3335
639		1961		336071		3335
640		1961		336071		3335
641		1961		336071		3335
642		1961		336071		3335
643		1961		336071		3335
644		1961		336071		3335
645		1961		336071		3335
646		1961		336071		3335
647		1961		336071		3335
648		1961		336071		3335
649		1961		336071		3335
650		1961		336071		3335
651		1961		336071		3335
652		1961		336071		3335
653		1961		336071		3335
654		1961		336071		3335
655		1961		336071		3335
656		1961		336071		3335
657		1961		336071		3335
658		1961		336071		3335
659		1961		336071		3335
660		1961		336071		3335
661		1961		336071		3335
662		1961		336071		3335
663		1961		336071		3335
664		1961		336071		3335
665		1961		336071		3335
666		1961		336071		3335
667		1961		336071		3335
668		1961		336071		3335
669		1961		336071		3335
670		1961		336071		3335
671		1961		336071		3335
672		1961		336071		3335
673		1961		336071		3335
674		1961		336071		3335
675		1961		336071		3335
676		1961		336071		3335
677		1961		336071		3335
678		1961		336071		3335
679		1961		336071		3335
680		1961		336071		3335
681		1961		336071		3335
682		1961		336071		3335
683		1961		336071		3335
684		1961		336071		3335
685		1961		336071		3335
686		1961		336071		3335
687		1961		336071		3335
688		1961		336071		3335
689		1961		336071		3335
690		1961		336071		3335
691		1961		336071		3335
692		1961		336071		3335
693		1961		336071		3335
694		1961		336071		3335
695		1961		336071		3335
696		1961		336071		3335
697		1961		336071		3335
698		1961		336071		3335
699		1961		336071		3335
700		1961		336071		3335
701		1961		336071		3335
702		1961		336071		3335
703		1961		336071		3335
704		1961		336071		3335
705		1961		336071		3335
706		1961		336071		3335
707		1961		336071		3335
708		1961		336071		3335
709		1961		336071		3335
710		1961		336071		3335
711		1961		336071		3335
712		1961		336071		3335
713		1961		336071		3335
714		1961		336071		3335
715		1961		336071		3335
716		1961		336071		3335
717		1961		336071		3335
718		1961		336071		3335
719		1961		336071		3335
720		1961		336071		3335
721		1961		336071		3335
722		1961		336071		3335
723		1961		336071		3335
724		1961		336071		3335
725		1961		336071		3335
726		1961		336071		3335
727		1961		336071		3335
728		1961		336071		3335
729		1961		336071		3335
730		1961		336071		3335
731		1961		336071		3335
732		1961		336071		3335
733		1961		336071		3335
734		1961		336071		3335
735		1961		336071		3335
736		1961		336071		3335
737		1961		336071		3335
738		1961		336071		3335
739		1961		336071		3335
740		1961		336071		3335
741		1961		336071		3335
742		1961		336071		3335
743		1961		336071		3335
744		1961		336071		3335
745		1961		336071		3335
746		1961		336071		3335
747		1961		336071		3335
748		1961		336071		3335
749		1961		336071		3335
750		1961		336071		3335
751		1961		336071		3335
752		1961		336071		3335
753		1961		336071		3335
754		1961		336071		3335
755		1961		336071		3335
756		1961		336071		3335
757		1961		336071		3335
758		1961		336071		3335
759		1961		336071		3335
760		1961		336071		3335
761		1961		336071		3335
762		1961		336071		3335
763		1961		336071		3335
764		1961		336071		3335
765		1961		336071		3335
766		1961		336071		3335
767		1961		336071		3335
768		1961		336071		3335
769		1961		336071		3335
770		1961		336071		3335
771		1961		336071		3335
772		1961		336071		3335
773		1961		336071		3335
774		1961		336071		3335
775		1961		336071		3335
776		1961		336071		3335
777		1961		336071		3335
778		1961		336071		3335
779		1961		336071		3335
780		1961		336071		3335
781		1961		336071		3335
782		1961		336071		3335
783		1961		336071		3335
784		1961		336071		3335
785		1961		336071		3335
786		1961		336071		3335
787		1961		336071		3335
788		1961		336071		3335
789		1961		336071		3335
790		1961		336071		3335
791		1961		336071		3335
792		1961		336071		3335
793		1961		336071		3335
794		1961		336071		3335
795		1961		336071		3335
796		1961		336071		3335
797		1961		336071		3335
798		1961		336071		3335
799		1961		336071		3335
800		1961		336071		3335
801		1961		336071		3335
802		1961		336071		3335
803		1961		336071		3335
804		1961		336071		3335
805		1961		336071		3335
806		1961		336071		3335
807		1961		336071		3335
808		1961		336071		3335
809		1961		336071		3335
810		1961		336071		3335
811		1961		336071		3335
812		1961		336071		3335
813		1961		336071		3335
814		1961		336071		3335
815		1961		336071		3335
816		1961		336071		3335
817		1961		336071		3335
818		1961		336071		3335
819		1961		336071		3335
820		1961		336071		3335
821		1961		336071		3335
822		1961		336071		3335
823		1961		336071		3335
824		1961		336071		3335
825		1961		336071		3335
826		1961		336071		3335
827		1961		336071		3335
828		1961		336071		3335
829		1961		336071		3335
830		1961		336071		3335
831		1961		336071		3335
832		1961		336071		3335
833		1961		336071		3335
834		1961		336071		3335
835		1961		336071		3335
836		1961		336071		3335
837		1961		336071		3335
838		1961		336071		3335
839		1961		336071		3335
840		1961		336071		3335
841		1961		336071		3335
842		1961		336071		3335
843		1961		336071		3335
844		1961		336071		3335
845		1961		336071		3335
846		1961		336071		3335
847		1961		336071		3335
848		1961		336071		3335
849		1961		336071		3335
850		1961		336071		3335
851		1961		336071		3335
852		1961		336071		3335
853		1961		336071		3335
854		1961		336071		3335
855		1961		336071		3335
856		1961		336071		3335
857		1961		336071		3335
858		1961		336071		3335
859		1961		336071		3335
860		1961		336071		3335
861		1961		336071		3335
862		1961		336071		3335
863		1961		336071		3335
864		1961		336071		3335
865		1961		336071		3335
866		1961		336071		3335
867		1961		336071		3335
868		1961		336071		3335
869		1961		336071		3335
870		1961		336071		3335
871		1961		336071		3335
872		1961		336071		3335
873		1961		336071		3335
874		1961		336071		3335
875		1961		336071		3335
876		1961		336071		3335
877		1961		336071		3335
878		1961		336071		3335
879		1961		336071		3335
880		1961		336071		3335
881		1961		336071		3335
882		1961		336071		3335
883		1961		336071		3335
884		1961		336071		3335
885		1961		336071		3335
886		1961		336071		3335
887		1961		336071		3335
888		1961		336071		3335
889		1961		336071		3335
890		1961		336071		3335
891		1961		336071		3335
892		1961		336071		3335
893		1961		336071		3335
894		1961		336071		3335
895		1961		336071		3335
896		1961		336071		3335
897		1961		336071		3335
898		1961		336071		3335
899		1961		336071		3335
900		1961		336071		3335
901		1961		336071		3335
902		1961		336071		3335
903		1961		336071		3335
904		1961		336071		3335
905		1961		336071		3335
906		1961		336071		3335
907		1961		336071		3335
908		1961		336071		3335
909		1961		336071		3335
910		1961		336071		3335
911		1961		336071		3335
912		1961		336071		3335
913		1961		336071		3335
914		1961		336071		3335
915		1961		336071		3335
916		1961		336071		3335
917		1961		336071		3335
918		1961		336071		3335
919		1961		336071		3335
920		1961		336071		3335
921		1961		336071		3335
922		1961		336071		3335
923		1961		336071		3335
924		1961		336071		3335
925		1961		336071		3335
926		1961		336071		3335
927		1961		336071		3335
928		1961		336071		3335
929		1961		336071		3335
930		1961		336071		3335
931		1961		336071		3335
932		1961		336071		3335
933		1961		336071		3335
934		1961		336071		3335
935		1961		336071		3335
936		1961		336071		3335
937		1961		336071		3335
938		1961		336071		3335
939		1961		336071		3335
940		1961		336071		3335
941		1961		336071		3335
942		1961		336071		3335
943		1961		336071		3335
944		1961		336071		3335
945		1961		336071		3335
946		1961		336071		3335
947		1961		336071		3335
948		1961		336071		3335
949		1961		336071		3335
950		1961		336071		3335
951		1961		336071		3335
952		1961		336071		3335
953		1961		336071		3335
954		1961		336071		3335
955		1961		336071		3335
956		1961		336071		3335
957		1961		336071		3335
958		1961		336071		3335
959		1961		336071		3335
960		1961		336071		3335
961		1961		336071		3335
962		1961		336071		3335
963		1961		336071		3335
964		1961		336071		3335
965		1961		336071		3335
966		1961		336071		3335
967		1961		336071		3335
968		1961		336071		3335
969		1961		336071		3335
970		1961		336071		3335
971		1961		336071		3335
972		1961		336071		3335
973		1961		336071		3335
974		1961		336071		3335
975		1961		336071		3335
976		1961		336071		3335
977		1961		336071		3335
978		1961		336071		3335
979		1961		336071		3335
980		1961		336071		3335
981		1961		336071		3335
982		1961		336071		3335
983		1961		336071		3335
984		1961		336071		3335
985		1961		336071		3335
986		1961		336071		3335
987		1961		336071		3335
988		1961		336071		3335
989		1961		336071		3335
990		1961		336071		3335
991		1961		336071		3335
992		1961		336071		3335
993		1961		336071		3335
994		1961		336071		3335
995		1961		336071		3335
996		1961		336071		3335
997		1961		336071		3335
998		1961		336071		3335
999		1961		336071		3335
