# Migration is number of nodes that have changed color.

Round		Edge-Cut		Swaps		Migrations		Skipped
0		8833		4720		2984
1		8134		9438		3032
2		7693		14157		3103
3		7304		18876		3130
4		6986		23595		3105
5		6648		28313		3106
6		6383		33031		3155
7		6245		37749		3200
8		6118		42464		3173
9		5955		47183		3191
10		5906		51902		3152
11		5782		56619		3144
12		5663		61334		3178
13		5543		66051		3182
14		5532		70768		3201
15		5435		75484		3187
16		5410		80201		3189
17		5350		84918		3177
18		5259		89634		3166
19		5225		94349		3167
20		5183		99066		3160
21		5088		103780		3189
22		5035		108499		3160
23		4982		113217		3152
24		4965		117934		3142
25		4900		122649		3182
26		4826		127366		3181
27		4848		132083		3175
28		4814		136796		3143
29		4792		141511		3141
30		4711		146228		3151
31		4754		150942		3171
32		4722		155660		3161
33		4703		160376		3161
34		4616		165089		3182
35		4624		169802		3175
36		4576		174516		3176
37		4509		179231		3176
38		4511		183948		3146
39		4472		188666		3162
40		4445		193379		3164
41		4412		198093		3143
42		4407		202802		3152
43		4366		207511		3162
44		4319		212225		3175
45		4313		216939		3172
46		4251		221655		3162
47		4281		226367		3174
48		4236		231077		3172
49		4211		235792		3165
50		4235		240509		3168
51		4235		245225		3173
52		4230		249937		3183
53		4221		254654		3200
54		4183		259368		3205
55		4180		264082		3220
56		4141		268798		3200
57		4159		273516		3184
58		4165		278227		3189
59		4130		282940		3181
60		4148		287655		3173
61		4154		292369		3192
62		4152		297085		3181
63		4171		301802		3164
64		4139		306517		3187
65		4136		311230		3188
66		4114		315947		3187
67		4093		320657		3179
68		4110		325373		3177
69		4079		330089		3177
70		4064		334802		3186
71		4051		339509		3176
72		4049		344226		3202
73		4052		348942		3209
74		4018		353658		3203
75		4029		358371		3224
76		4018		363085		3211
77		3967		367800		3200
78		3998		372513		3219
79		3954		377228		3203
80		3938		381945		3214
81		3909		386658		3191
82		3924		391374		3216
83		3930		396088		3197
84		3927		400805		3219
85		3935		405519		3217
86		3931		410231		3213
87		3899		414950		3213
88		3899		419665		3215
89		3924		424380		3202
90		3926		429094		3214
91		3910		433810		3224
92		3902		438525		3222
93		3884		443237		3210
94		3880		447949		3207
95		3889		452662		3207
96		3868		457380		3215
97		3865		462095		3198
98		3871		466810		3200
99		3865		471521		3210
100		3869		476236		3249
101		3859		480949		3204
102		3845		485666		3213
103		3826		490375		3212
104		3824		495088		3221
105		3831		499804		3209
106		3869		504516		3201
107		3827		509228		3191
108		3782		513941		3206
109		3797		518652		3195
110		3809		523367		3199
111		3819		528076		3194
112		3775		532789		3207
113		3774		537502		3189
114		3752		542218		3206
115		3803		546933		3192
116		3807		551648		3208
117		3778		556362		3204
118		3778		561076		3207
119		3743		565791		3209
120		3721		570505		3195
121		3714		575218		3215
122		3732		579930		3242
123		3757		584647		3214
124		3789		589362		3227
125		3727		594078		3225
126		3724		598795		3240
127		3735		603510		3209
128		3721		608223		3232
129		3721		612940		3249
130		3703		617652		3231
131		3704		622368		3217
132		3693		627082		3213
133		3680		631795		3225
134		3678		636513		3228
135		3652		641224		3238
136		3662		645939		3232
137		3640		650654		3240
138		3644		655366		3242
139		3631		660080		3236
140		3651		664795		3238
141		3652		669510		3227
142		3649		674224		3219
143		3628		678939		3214
144		3587		683653		3216
145		3582		688370		3241
146		3604		693084		3258
147		3571		697798		3248
148		3596		702518		3228
149		3623		707234		3232
150		3598		711950		3247
151		3580		716665		3228
152		3603		721375		3234
153		3600		726091		3230
154		3619		730803		3221
155		3601		735521		3236
156		3625		740235		3234
157		3593		744952		3221
158		3581		749661		3222
159		3566		754374		3234
160		3598		759088		3240
161		3592		763801		3227
162		3617		768512		3247
163		3593		773226		3237
164		3565		777942		3246
165		3558		782654		3259
166		3563		787370		3259
167		3565		792081		3250
168		3536		796797		3253
169		3539		801513		3263
170		3554		806232		3258
171		3558		810946		3242
172		3575		815664		3245
173		3512		820376		3238
174		3519		825089		3235
175		3519		829803		3248
176		3498		834515		3239
177		3518		839232		3232
178		3531		843944		3217
179		3532		848658		3230
180		3527		853368		3239
181		3524		858082		3233
182		3547		862798		3240
183		3509		867513		3248
184		3490		872228		3246
185		3471		876942		3244
186		3489		881654		3251
187		3489		886370		3245
188		3461		891081		3249
189		3473		895797		3242
190		3492		900513		3239
191		3482		905230		3256
192		3475		909943		3260
193		3451		914655		3259
194		3429		919371		3245
195		3422		924082		3251
196		3428		928801		3236
197		3430		933516		3248
198		3429		938229		3252
199		3431		942945		3249
200		3428		947662		3240
201		3434		952377		3237
202		3435		957093		3260
203		3420		961806		3246
204		3439		966517		3252
205		3464		971232		3256
206		3449		975946		3256
207		3452		980658		3257
208		3422		985373		3275
209		3436		990086		3260
210		3448		994798		3267
211		3459		999518		3257
212		3461		1004233		3275
213		3465		1008950		3275
214		3456		1013663		3260
215		3419		1018376		3247
216		3442		1023092		3254
217		3434		1027805		3258
218		3428		1032517		3260
219		3417		1037235		3264
220		3421		1041951		3250
221		3436		1046667		3254
222		3411		1051378		3241
223		3396		1056090		3256
224		3384		1060808		3246
225		3421		1065525		3266
226		3422		1070238		3255
227		3416		1074958		3274
228		3398		1079674		3256
229		3409		1084392		3253
230		3390		1089110		3251
231		3393		1093825		3270
232		3386		1098539		3257
233		3377		1103247		3251
234		3370		1107964		3254
235		3345		1112678		3243
236		3344		1117398		3259
237		3319		1122113		3254
238		3329		1126826		3253
239		3329		1131540		3260
240		3324		1136254		3245
241		3328		1140965		3257
242		3339		1145680		3243
243		3324		1150396		3255
244		3332		1155111		3255
245		3304		1159828		3249
246		3313		1164546		3248
247		3327		1169260		3243
248		3344		1173973		3253
249		3334		1178688		3246
250		3326		1183400		3253
251		3331		1188119		3259
252		3318		1192837		3242
253		3284		1197552		3252
254		3282		1202269		3247
255		3310		1206985		3247
256		3331		1211702		3242
257		3298		1216416		3234
258		3301		1221130		3237
259		3274		1225847		3251
260		3281		1230566		3250
261		3270		1235284		3262
262		3254		1239999		3263
263		3292		1244714		3263
264		3260		1249432		3262
265		3243		1254142		3264
266		3258		1258858		3248
267		3265		1263573		3227
268		3243		1268283		3238
269		3222		1272999		3218
270		3240		1277713		3248
271		3234		1282424		3255
272		3222		1287137		3231
273		3231		1291851		3244
274		3250		1296566		3271
275		3261		1301281		3259
276		3259		1305998		3249
277		3281		1310711		3264
278		3265		1315427		3246
279		3245		1320141		3241
280		3203		1324858		3255
281		3218		1329575		3248
282		3235		1334292		3252
283		3254		1339006		3250
284		3229		1343717		3253
285		3209		1348434		3262
286		3211		1353152		3248
287		3201		1357869		3228
288		3229		1362581		3237
289		3246		1367296		3248
290		3252		1372008		3246
291		3225		1376722		3249
292		3204		1381436		3246
293		3238		1386152		3239
294		3247		1390870		3236
295		3260		1395580		3245
296		3229		1400297		3234
297		3231		1405012		3258
298		3239		1409728		3250
299		3236		1414444		3259
300		3221		1419155		3264
301		3180		1423870		3254
302		3197		1428586		3258
303		3200		1433298		3251
304		3216		1438013		3242
305		3211		1442726		3259
306		3207		1447444		3243
307		3201		1452154		3251
308		3199		1456870		3256
309		3206		1461588		3275
310		3210		1466299		3261
311		3187		1471013		3259
312		3185		1475726		3259
313		3188		1480442		3249
314		3179		1485154		3260
315		3209		1489870		3273
316		3183		1494584		3261
317		3175		1499295		3257
318		3172		1504008		3252
319		3168		1508724		3252
320		3174		1513439		3245
321		3161		1518150		3265
322		3168		1522865		3260
323		3170		1527581		3275
324		3157		1532298		3271
325		3135		1537013		3269
326		3148		1541732		3257
327		3125		1546448		3258
328		3127		1551163		3267
329		3152		1555875		3267
330		3141		1560589		3253
331		3154		1565308		3250
332		3150		1570023		3259
333		3141		1574738		3262
334		3109		1575069		3255
335		3069		1575345		3252
336		3059		1575578		3256
337		3004		1575829		3251
338		3007		1576025		3254
339		2962		1576223		3246
340		2938		1576386		3251
341		2922		1576544		3257
342		2893		1576685		3265
343		2869		1576825		3266
344		2846		1576964		3266
345		2843		1577090		3266
346		2813		1577218		3255
347		2801		1577339		3242
348		2765		1577452		3249
349		2754		1577545		3260
350		2742		1577635		3253
351		2731		1577745		3262
352		2729		1577828		3259
353		2728		1577934		3251
354		2711		1578025		3248
355		2707		1578110		3251
356		2692		1578189		3246
357		2686		1578249		3252
358		2678		1578324		3254
359		2685		1578416		3262
360		2664		1578484		3254
361		2670		1578548		3259
362		2662		1578604		3256
363		2653		1578661		3262
364		2640		1578734		3268
365		2634		1578790		3264
366		2627		1578853		3258
367		2636		1578907		3259
368		2619		1578968		3261
369		2607		1579019		3272
370		2601		1579067		3268
371		2609		1579100		3262
372		2600		1579158		3259
373		2596		1579215		3262
374		2585		1579264		3265
375		2576		1579311		3265
376		2567		1579354		3267
377		2563		1579390		3270
378		2560		1579422		3271
379		2557		1579452		3275
380		2548		1579474		3275
381		2545		1579502		3277
382		2546		1579519		3276
383		2547		1579533		3276
384		2544		1579544		3276
385		2548		1579564		3278
386		2546		1579599		3280
387		2531		1579636		3281
388		2535		1579672		3281
389		2537		1579710		3277
390		2536		1579741		3280
391		2530		1579770		3280
392		2525		1579795		3281
393		2518		1579811		3278
394		2521		1579824		3280
395		2520		1579842		3284
396		2515		1579861		3286
397		2517		1579884		3282
398		2516		1579901		3279
399		2515		1579929		3282
400		2512		1579943		3278
401		2584		1584657		3268
402		2593		1589375		3271
403		2622		1594094		3281
404		2634		1598807		3294
405		2624		1603524		3291
406		2630		1608237		3284
407		2629		1612952		3284
408		2686		1617666		3267
409		2677		1622382		3270
410		2655		1627099		3287
411		2681		1631816		3270
412		2680		1636532		3272
413		2702		1641246		3267
414		2712		1645964		3280
415		2695		1650680		3277
416		2681		1655399		3276
417		2695		1660115		3265
418		2689		1664833		3277
419		2704		1669548		3269
420		2698		1674266		3293
421		2708		1678983		3289
422		2696		1683700		3298
423		2695		1688415		3283
424		2725		1693127		3300
425		2732		1697844		3283
426		2701		1702560		3284
427		2709		1707280		3293
428		2727		1712000		3283
429		2744		1716716		3298
430		2730		1721431		3295
431		2766		1726147		3278
432		2764		1730863		3289
433		2713		1735577		3282
434		2720		1740296		3289
435		2718		1745014		3290
436		2707		1749732		3290
437		2702		1754451		3287
438		2704		1759170		3279
439		2728		1763886		3282
440		2727		1768602		3270
441		2729		1773317		3286
442		2701		1778036		3297
443		2713		1782751		3294
444		2690		1787468		3300
445		2705		1792182		3306
446		2716		1796899		3298
447		2718		1801615		3288
448		2699		1806329		3290
449		2708		1811047		3302
450		2698		1815763		3291
451		2699		1820480		3296
452		2696		1825196		3298
453		2686		1829913		3289
454		2689		1834626		3294
455		2682		1839342		3293
456		2704		1844059		3280
457		2717		1848774		3296
458		2709		1853488		3281
459		2692		1858207		3295
460		2675		1862921		3290
461		2676		1867641		3298
462		2724		1872361		3300
463		2697		1877077		3285
464		2690		1881793		3289
465		2685		1886509		3268
466		2672		1891225		3264
467		2696		1895943		3284
468		2704		1900661		3285
469		2706		1905378		3282
470		2710		1910094		3291
471		2700		1914805		3286
472		2726		1919522		3286
473		2735		1924240		3295
474		2678		1928955		3291
475		2667		1933672		3263
476		2670		1938391		3296
477		2654		1943106		3285
478		2658		1947822		3270
479		2673		1952538		3285
480		2678		1957258		3288
481		2672		1961975		3291
482		2680		1966694		3276
483		2704		1971408		3274
484		2695		1976125		3280
485		2667		1980840		3271
486		2640		1985554		3285
487		2642		1990269		3270
488		2625		1994988		3277
489		2644		1999704		3277
490		2673		2004421		3283
491		2646		2009138		3285
492		2646		2013857		3276
493		2657		2018571		3281
494		2645		2023287		3284
495		2643		2028005		3281
496		2645		2032721		3289
497		2656		2037434		3276
498		2646		2042152		3287
499		2644		2046868		3283
500		2630		2051585		3278
501		2628		2056302		3286
502		2620		2061020		3275
503		2627		2065731		3286
504		2636		2070451		3285
505		2644		2075167		3274
506		2669		2079886		3270
507		2637		2084600		3271
508		2655		2089317		3279
509		2633		2094033		3286
510		2612		2098748		3286
511		2609		2103466		3283
512		2595		2108181		3284
513		2589		2112901		3272
514		2596		2117614		3279
515		2619		2122330		3277
516		2635		2127045		3281
517		2625		2131764		3273
518		2603		2136482		3277
519		2601		2141198		3268
520		2629		2145915		3279
521		2610		2150630		3284
522		2594		2155347		3270
523		2599		2160062		3271
524		2597		2164777		3282
525		2618		2169493		3276
526		2626		2174205		3292
527		2600		2178922		3289
528		2601		2183638		3285
529		2610		2188357		3294
530		2585		2193076		3283
531		2579		2197793		3292
532		2545		2202509		3286
533		2571		2207224		3281
534		2582		2211943		3284
535		2556		2216660		3289
536		2593		2221378		3289
537		2566		2226093		3290
538		2584		2230810		3285
539		2597		2235527		3290
540		2580		2240238		3277
541		2550		2244953		3296
542		2564		2249668		3285
543		2541		2254381		3287
544		2544		2259097		3279
545		2552		2263814		3285
546		2555		2268532		3284
547		2542		2273248		3289
548		2549		2277966		3286
549		2557		2282685		3291
550		2557		2287402		3283
551		2576		2292120		3283
552		2564		2296838		3278
553		2571		2301555		3281
554		2597		2306272		3295
555		2579		2310986		3282
556		2594		2315701		3292
557		2563		2320421		3307
558		2561		2325136		3302
559		2545		2329853		3293
560		2566		2334570		3285
561		2578		2339289		3297
562		2549		2344003		3304
563		2554		2348721		3300
564		2561		2353437		3300
565		2551		2358153		3297
566		2548		2362869		3301
567		2552		2367586		3297
568		2549		2372301		3293
569		2542		2377018		3302
570		2552		2381737		3292
571		2555		2386452		3288
572		2550		2391168		3291
573		2550		2395884		3293
574		2526		2400601		3300
575		2546		2405315		3297
576		2537		2410033		3298
577		2553		2414751		3297
578		2548		2419467		3289
579		2562		2424183		3300
580		2576		2428899		3283
581		2554		2433616		3298
582		2548		2438334		3297
583		2529		2443053		3298
584		2520		2447771		3285
585		2519		2452484		3272
586		2527		2457203		3284
587		2519		2461916		3279
588		2508		2466633		3284
589		2512		2471352		3299
590		2526		2476071		3294
591		2535		2480788		3289
592		2523		2485505		3288
593		2498		2490222		3296
594		2507		2494938		3286
595		2521		2499656		3290
596		2543		2504371		3303
597		2548		2509088		3292
598		2540		2513804		3294
599		2531		2518522		3308
600		2543		2523237		3304
601		2536		2527957		3299
602		2557		2532677		3298
603		2555		2537391		3314
604		2582		2542109		3310
605		2593		2546826		3301
606		2597		2551543		3313
607		2583		2556260		3311
608		2565		2560978		3299
609		2570		2565697		3287
610		2580		2570416		3299
611		2559		2575134		3313
612		2536		2579848		3296
613		2546		2584565		3305
614		2547		2589281		3307
615		2560		2593997		3299
616		2557		2598714		3296
617		2538		2603430		3310
618		2543		2608147		3310
619		2557		2612864		3311
620		2555		2617582		3307
621		2546		2622296		3308
622		2542		2627014		3307
623		2534		2631726		3294
624		2554		2636443		3302
625		2520		2641162		3301
626		2523		2645877		3300
627		2549		2650592		3296
628		2543		2655305		3311
629		2534		2660022		3297
630		2538		2664738		3300
631		2523		2669458		3311
632		2548		2674178		3305
633		2537		2678896		3289
634		2546		2683616		3289
635		2554		2688330		3274
636		2540		2693049		3290
637		2560		2697766		3290
638		2555		2702482		3283
639		2536		2707198		3300
640		2544		2711916		3283
641		2517		2716633		3291
642		2550		2721349		3283
643		2564		2726068		3299
644		2541		2730783		3297
645		2529		2735497		3281
646		2521		2740210		3280
647		2521		2744924		3285
648		2539		2749642		3299
649		2506		2754361		3299
650		2503		2759078		3294
651		2513		2763795		3289
652		2513		2768511		3287
653		2491		2773225		3285
654		2506		2777943		3284
655		2517		2782661		3286
656		2531		2787379		3289
657		2504		2792094		3296
658		2527		2796813		3294
659		2525		2801532		3291
660		2518		2806243		3310
661		2497		2810959		3298
662		2492		2815674		3292
663		2515		2820390		3289
664		2507		2825106		3281
665		2517		2829823		3285
666		2508		2834541		3280
667		2519		2839257		3285
668		2520		2843974		3293
669		2527		2848693		3287
670		2523		2853413		3289
671		2522		2858131		3291
672		2528		2862849		3291
673		2529		2867559		3294
674		2519		2872275		3284
675		2504		2876993		3293
676		2485		2881708		3309
677		2507		2886425		3298
678		2488		2891140		3294
679		2497		2895855		3299
680		2471		2900567		3300
681		2464		2905283		3303
682		2453		2910001		3297
683		2467		2914717		3296
684		2459		2919433		3300
685		2478		2924151		3294
686		2487		2928871		3290
687		2466		2933589		3289
688		2488		2938308		3294
689		2463		2943025		3297
690		2467		2947742		3295
691		2482		2952455		3308
692		2477		2957170		3307
693		2475		2961885		3284
694		2487		2966601		3311
695		2477		2971316		3298
696		2464		2976034		3312
697		2470		2980750		3304
698		2455		2985468		3300
699		2468		2990184		3298
700		2459		2994899		3296
701		2460		2999613		3299
702		2460		3004330		3297
703		2473		3009047		3292
704		2463		3013760		3298
705		2460		3018479		3286
706		2478		3023197		3297
707		2459		3027912		3292
708		2454		3032629		3300
709		2453		3037346		3297
710		2459		3042061		3291
711		2450		3046772		3298
712		2460		3051491		3283
713		2451		3056210		3290
714		2449		3060927		3292
715		2448		3065642		3302
716		2448		3070361		3288
717		2466		3075079		3280
718		2446		3079789		3294
719		2432		3084507		3286
720		2441		3089224		3293
721		2437		3093941		3295
722		2427		3098658		3292
723		2436		3103373		3298
724		2450		3108087		3283
725		2445		3112799		3289
726		2455		3117514		3277
727		2448		3122230		3291
728		2431		3126946		3298
729		2431		3131662		3286
730		2449		3136379		3276
731		2428		3141096		3278
732		2425		3145814		3293
733		2416		3150532		3286
734		2388		3150765		3287
735		2360		3150905		3281
736		2355		3151035		3281
737		2330		3151174		3285
738		2334		3151286		3293
739		2320		3151405		3287
740		2303		3151499		3294
741		2302		3151598		3292
742		2304		3151702		3294
743		2303		3151812		3300
744		2289		3151915		3295
745		2274		3152010		3302
746		2256		3152137		3301
747		2257		3152249		3298
748		2248		3152342		3290
749		2242		3152423		3296
750		2217		3152499		3296
751		2210		3152571		3286
752		2201		3152619		3296
753		2197		3152664		3289
754		2194		3152724		3294
755		2185		3152764		3290
756		2186		3152809		3288
757		2178		3152862		3292
758		2174		3152900		3294
759		2177		3152946		3295
760		2158		3152983		3294
761		2165		3153020		3292
762		2162		3153063		3292
763		2161		3153112		3292
764		2167		3153159		3301
765		2164		3153206		3301
766		2156		3153253		3302
767		2157		3153283		3300
768		2156		3153335		3301
769		2158		3153377		3302
770		2152		3153427		3296
771		2147		3153466		3298
772		2138		3153491		3300
773		2133		3153517		3300
774		2135		3153552		3304
775		2139		3153593		3302
776		2127		3153631		3306
777		2131		3153696		3305
778		2116		3153731		3300
779		2108		3153761		3296
780		2107		3153789		3301
781		2108		3153815		3304
782		2108		3153841		3300
783		2106		3153857		3298
784		2108		3153883		3297
785		2112		3153907		3303
786		2115		3153949		3307
787		2102		3153972		3302
788		2095		3153989		3299
789		2096		3154005		3298
790		2094		3154023		3301
791		2094		3154042		3305
792		2098		3154065		3303
793		2094		3154087		3301
794		2096		3154113		3302
795		2091		3154148		3306
796		2088		3154172		3310
797		2091		3154201		3304
798		2091		3154217		3309
799		2087		3154241		3306
800		2083		3154262		3302
801		2085		3154279		3301
802		2081		3154296		3303
803		2081		3154310		3301
804		2078		3154322		3305
805		2078		3154328		3305
806		2083		3154340		3302
807		2080		3154354		3304
808		2076		3154372		3302
809		2076		3154381		3304
810		2075		3154391		3305
811		2074		3154403		3304
812		2073		3154412		3301
813		2072		3154421		3302
814		2073		3154430		3305
815		2076		3154440		3303
816		2072		3154446		3301
817		2074		3154454		3301
818		2075		3154468		3306
819		2076		3154476		3302
820		2073		3154486		3301
821		2074		3154492		3302
822		2074		3154500		3303
823		2071		3154509		3303
824		2069		3154516		3304
825		2071		3154525		3302
826		2070		3154533		3299
827		2066		3154540		3298
828		2065		3154543		3297
829		2065		3154550		3299
830		2067		3154559		3297
831		2066		3154564		3298
832		2068		3154568		3299
833		2065		3154575		3297
834		2066		3154582		3298
835		2065		3154586		3298
836		2065		3154589		3297
837		2064		3154590		3296
838		2066		3154595		3299
839		2063		3154601		3297
840		2062		3154607		3297
841		2060		3154611		3298
842		2060		3154611		3298
843		2060		3154613		3298
844		2061		3154614		3299
845		2060		3154617		3298
846		2060		3154617		3298
847		2058		3154618		3298
848		2057		3154619		3298
849		2057		3154619		3298
850		2057		3154619		3298
851		2057		3154619		3298
852		2057		3154619		3298
853		2057		3154619		3298
854		2057		3154619		3298
855		2057		3154619		3298
856		2057		3154619		3298
857		2057		3154619		3298
858		2057		3154619		3298
859		2057		3154619		3298
860		2057		3154619		3298
861		2057		3154619		3298
862		2057		3154619		3298
863		2057		3154619		3298
864		2057		3154619		3298
865		2057		3154619		3298
866		2057		3154619		3298
867		2057		3154619		3298
868		2057		3154619		3298
869		2057		3154619		3298
870		2057		3154619		3298
871		2057		3154619		3298
872		2057		3154619		3298
873		2057		3154619		3298
874		2057		3154619		3298
875		2057		3154619		3298
876		2057		3154619		3298
877		2057		3154619		3298
878		2057		3154619		3298
879		2057		3154619		3298
880		2057		3154619		3298
881		2057		3154619		3298
882		2057		3154619		3298
883		2057		3154619		3298
884		2057		3154619		3298
885		2057		3154619		3298
886		2057		3154619		3298
887		2057		3154619		3298
888		2057		3154619		3298
889		2057		3154619		3298
890		2057		3154619		3298
891		2057		3154619		3298
892		2057		3154619		3298
893		2057		3154619		3298
894		2057		3154619		3298
895		2057		3154619		3298
896		2057		3154619		3298
897		2057		3154619		3298
898		2057		3154619		3298
899		2057		3154619		3298
900		2057		3154619		3298
901		2057		3154619		3298
902		2057		3154619		3298
903		2057		3154619		3298
904		2057		3154619		3298
905		2057		3154619		3298
906		2057		3154619		3298
907		2057		3154619		3298
908		2057		3154619		3298
909		2057		3154619		3298
910		2057		3154619		3298
911		2057		3154619		3298
912		2057		3154619		3298
913		2057		3154619		3298
914		2057		3154619		3298
915		2057		3154619		3298
916		2057		3154619		3298
917		2057		3154619		3298
918		2057		3154619		3298
919		2057		3154619		3298
920		2057		3154619		3298
921		2057		3154619		3298
922		2057		3154619		3298
923		2057		3154619		3298
924		2057		3154619		3298
925		2057		3154619		3298
926		2057		3154619		3298
927		2057		3154619		3298
928		2057		3154619		3298
929		2057		3154619		3298
930		2057		3154619		3298
931		2057		3154619		3298
932		2057		3154619		3298
933		2057		3154619		3298
934		2057		3154619		3298
935		2057		3154619		3298
936		2057		3154619		3298
937		2057		3154619		3298
938		2057		3154619		3298
939		2057		3154619		3298
940		2057		3154619		3298
941		2057		3154619		3298
942		2057		3154619		3298
943		2057		3154619		3298
944		2057		3154619		3298
945		2057		3154619		3298
946		2057		3154619		3298
947		2057		3154619		3298
948		2057		3154619		3298
949		2057		3154619		3298
950		2057		3154619		3298
951		2057		3154619		3298
952		2057		3154619		3298
953		2057		3154619		3298
954		2057		3154619		3298
955		2057		3154619		3298
956		2057		3154619		3298
957		2057		3154619		3298
958		2057		3154619		3298
959		2057		3154619		3298
960		2057		3154619		3298
961		2057		3154619		3298
962		2057		3154619		3298
963		2057		3154619		3298
964		2057		3154619		3298
965		2057		3154619		3298
966		2057		3154619		3298
967		2057		3154619		3298
968		2057		3154619		3298
969		2057		3154619		3298
970		2057		3154619		3298
971		2057		3154619		3298
972		2057		3154619		3298
973		2057		3154619		3298
974		2057		3154619		3298
975		2057		3154619		3298
976		2057		3154619		3298
977		2057		3154619		3298
978		2057		3154619		3298
979		2057		3154619		3298
980		2057		3154619		3298
981		2057		3154619		3298
982		2057		3154619		3298
983		2057		3154619		3298
984		2057		3154619		3298
985		2057		3154619		3298
986		2057		3154619		3298
987		2057		3154619		3298
988		2057		3154619		3298
989		2057		3154619		3298
990		2057		3154619		3298
991		2057		3154619		3298
992		2057		3154619		3298
993		2057		3154619		3298
994		2057		3154619		3298
995		2057		3154619		3298
996		2057		3154619		3298
997		2057		3154619		3298
998		2057		3154619		3298
999		2057		3154619		3298
