# Migration is number of nodes that have changed color.

Round		Edge-Cut		Swaps		Migrations		Skipped
0		5447		2394		661
1		4990		4787		667
2		4681		7181		822
3		4555		9574		816
4		4483		11967		915
5		4445		14359		898
6		4391		16752		968
7		4333		19143		904
8		4316		21535		970
9		4279		23928		942
10		4259		26322		1014
11		4213		28716		982
12		4245		31109		1046
13		4201		33500		988
14		4181		35890		1061
15		4192		38284		1013
16		4175		40676		1075
17		4154		43069		1027
18		4148		45461		1102
19		4148		47855		1041
20		4104		50248		1115
21		4119		52639		1080
22		4089		55032		1141
23		4042		57423		1097
24		4044		59817		1155
25		3994		62210		1108
26		3993		64605		1176
27		3970		66997		1119
28		3926		69390		1161
29		3887		71784		1115
30		3811		74176		1170
31		3730		76568		1135
32		3692		78962		1181
33		3637		81356		1161
34		3635		83750		1194
35		3630		86142		1170
36		3604		88536		1203
37		3578		90929		1180
38		3584		93322		1216
39		3565		95714		1194
40		3546		98105		1249
41		3561		100499		1205
42		3555		102891		1248
43		3550		105282		1209
44		3541		107676		1263
45		3539		110066		1219
46		3508		112461		1266
47		3501		114854		1222
48		3496		117246		1267
49		3479		119639		1243
50		3470		122031		1280
51		3474		124424		1255
52		3461		126818		1281
53		3449		129208		1246
54		3440		131603		1303
55		3464		133995		1263
56		3445		136387		1287
57		3440		138782		1260
58		3408		141176		1303
59		3393		143568		1246
60		3390		145963		1305
61		3400		148355		1258
62		3381		150747		1298
63		3389		153139		1278
64		3356		155532		1297
65		3358		157926		1284
66		3350		160320		1325
67		3341		162712		1289
68		3324		165106		1326
69		3335		167501		1300
70		3326		169895		1326
71		3301		172287		1316
72		3295		174682		1335
73		3285		177076		1316
74		3286		179468		1352
75		3268		181862		1336
76		3264		184256		1348
77		3261		186650		1329
78		3263		189044		1349
79		3254		191437		1357
80		3239		193830		1362
81		3227		196223		1343
82		3226		198615		1367
83		3233		201005		1342
84		3215		203398		1372
85		3211		205793		1360
86		3204		208186		1384
87		3199		210579		1363
88		3190		212973		1392
89		3176		215367		1359
90		3179		217759		1364
91		3164		220153		1355
92		3171		222543		1370
93		3168		224933		1356
94		3141		227324		1385
95		3145		229717		1372
96		3135		232112		1395
97		3148		234507		1375
98		3146		236900		1387
99		3127		239294		1389
100		3118		241687		1385
101		3128		244078		1397
102		3111		246471		1410
103		3118		248864		1386
104		3137		251259		1413
105		3110		253650		1397
106		3118		256044		1396
107		3098		258437		1388
108		3091		260829		1421
109		3075		263224		1402
110		3073		265616		1425
111		3081		268010		1383
112		3068		270402		1420
113		3061		272796		1400
114		3049		275190		1419
115		3047		277584		1404
116		3062		279979		1415
117		3048		282373		1393
118		3045		284766		1415
119		3042		287160		1412
120		3033		289554		1410
121		3032		291948		1401
122		3030		294342		1429
123		3046		296736		1408
124		3035		299129		1429
125		3023		301524		1405
126		3027		303918		1421
127		3018		306311		1425
128		3016		308705		1431
129		3018		311096		1423
130		3015		313489		1416
131		3011		315880		1406
132		3008		318272		1442
133		3009		320664		1414
134		3010		323054		1442
135		3008		325448		1415
136		2986		327843		1439
137		2985		330238		1420
138		2994		332633		1450
139		2989		335027		1429
140		2988		337420		1451
141		2977		339814		1427
142		2977		342206		1438
143		2989		344600		1420
144		2975		346992		1444
145		2986		349386		1440
146		2984		351779		1452
147		2978		354174		1430
148		2977		356566		1455
149		2960		358958		1445
150		2969		361352		1460
151		2942		363747		1443
152		2963		366142		1453
153		2954		368535		1450
154		2956		370928		1466
155		2955		373320		1443
156		2958		375715		1465
157		2954		378108		1457
158		2954		380503		1467
159		2942		382896		1449
160		2951		385290		1477
161		2939		387683		1451
162		2945		390078		1477
163		2942		392471		1453
164		2940		394864		1470
165		2924		397257		1452
166		2922		399652		1470
167		2926		402047		1446
168		2915		404442		1474
169		2907		406836		1465
170		2897		409229		1490
171		2902		411622		1463
172		2891		414014		1487
173		2895		416408		1464
174		2893		418802		1483
175		2890		421195		1471
176		2893		423587		1487
177		2879		425979		1473
178		2895		428374		1498
179		2880		430769		1470
180		2876		433162		1495
181		2870		435555		1484
182		2882		437947		1494
183		2869		440338		1470
184		2870		442733		1507
185		2876		445127		1482
186		2865		447519		1502
187		2867		449912		1486
188		2868		452304		1500
189		2874		454699		1477
190		2868		457093		1492
191		2866		459487		1472
192		2852		461880		1488
193		2853		464275		1477
194		2857		466668		1494
195		2842		469061		1475
196		2841		471454		1499
197		2840		473846		1484
198		2838		476239		1497
199		2824		478634		1491
200		2825		481029		1499
201		2831		483424		1476
202		2829		485818		1499
203		2833		488212		1487
204		2825		490605		1499
205		2828		492999		1487
206		2827		495392		1496
207		2826		497786		1487
208		2832		500181		1509
209		2827		502574		1494
210		2822		504967		1521
211		2818		507359		1504
212		2808		509754		1522
213		2805		512148		1511
214		2819		514542		1528
215		2818		516936		1513
216		2796		519330		1525
217		2809		521720		1510
218		2800		524113		1536
219		2800		526508		1505
220		2795		528901		1532
221		2791		531295		1521
222		2791		533690		1525
223		2795		536084		1513
224		2786		538477		1521
225		2792		540871		1505
226		2789		543265		1533
227		2789		545658		1510
228		2789		548052		1525
229		2781		550447		1520
230		2775		552840		1530
231		2775		555231		1509
232		2769		557622		1520
233		2774		560017		1514
234		2779		562411		1524
235		2776		564806		1507
236		2768		567198		1531
237		2762		569591		1512
238		2775		571985		1526
239		2774		574380		1520
240		2779		576772		1533
241		2770		579167		1520
242		2784		581559		1540
243		2771		583952		1513
244		2773		586346		1522
245		2763		588740		1516
246		2760		591133		1538
247		2769		593527		1513
248		2768		595919		1529
249		2771		598313		1514
250		2769		600707		1535
251		2766		603101		1528
252		2764		605494		1537
253		2763		607889		1528
254		2756		610283		1536
255		2750		612676		1525
256		2743		615070		1545
257		2740		617464		1530
258		2745		619858		1540
259		2748		622252		1532
260		2742		624644		1555
261		2746		627039		1529
262		2747		629429		1539
263		2745		631824		1528
264		2749		634218		1540
265		2748		636611		1525
266		2742		639006		1531
267		2745		641400		1519
268		2746		643795		1532
269		2732		646189		1535
270		2729		648581		1540
271		2728		650976		1529
272		2731		653370		1543
273		2735		655765		1533
274		2733		658159		1542
275		2731		660553		1530
276		2733		662946		1548
277		2725		665341		1550
278		2722		667735		1546
279		2727		670127		1535
280		2726		672521		1551
281		2729		674915		1541
282		2727		677307		1554
283		2737		679700		1537
284		2731		682094		1548
285		2730		684489		1540
286		2729		686880		1550
287		2734		689272		1538
288		2727		691665		1552
289		2715		694059		1541
290		2716		696452		1545
291		2713		698847		1541
292		2707		701240		1560
293		2703		703634		1553
294		2697		706028		1562
295		2695		708422		1549
296		2701		710815		1561
297		2694		713209		1542
298		2688		715601		1559
299		2689		717995		1547
300		2689		720389		1559
301		2687		722782		1549
302		2680		725177		1572
303		2677		727571		1550
304		2680		729965		1573
305		2678		732359		1553
306		2685		734752		1571
307		2683		737146		1557
308		2683		739540		1558
309		2700		741934		1560
310		2685		744327		1564
311		2695		746719		1559
312		2693		749110		1572
313		2685		751503		1548
314		2683		753896		1556
315		2673		756290		1550
316		2670		758684		1551
317		2677		761077		1553
318		2679		763468		1565
319		2684		765861		1560
320		2679		768253		1561
321		2679		770647		1555
322		2676		773040		1556
323		2665		775435		1552
324		2667		777828		1557
325		2669		780219		1559
326		2666		782613		1561
327		2665		785005		1553
328		2659		787400		1564
329		2660		789793		1559
330		2659		792188		1570
331		2663		794582		1556
332		2660		796977		1574
333		2662		799371		1559
334		2658		801764		1559
335		2659		804158		1568
336		2644		806552		1574
337		2649		808944		1570
338		2652		811338		1572
339		2656		813731		1561
340		2648		816124		1585
341		2644		818517		1573
342		2636		820908		1574
343		2646		823301		1559
344		2640		825694		1574
345		2640		828088		1569
346		2640		830480		1573
347		2650		832875		1582
348		2641		835267		1576
349		2647		837660		1578
350		2637		840053		1577
351		2639		842448		1570
352		2640		844840		1579
353		2642		847235		1562
354		2626		849627		1573
355		2634		852022		1570
356		2626		854415		1578
357		2643		856809		1563
358		2643		859203		1577
359		2641		861597		1576
360		2633		863991		1582
361		2636		866385		1577
362		2637		868779		1573
363		2643		871168		1570
364		2646		873563		1583
365		2643		875957		1573
366		2638		878348		1575
367		2640		880742		1569
368		2633		883136		1580
369		2640		885529		1569
370		2629		887923		1583
371		2635		890316		1577
372		2632		892711		1577
373		2627		895105		1578
374		2620		897500		1576
375		2635		899895		1573
376		2627		902286		1585
377		2632		904679		1586
378		2620		907072		1590
379		2631		909466		1585
380		2622		911861		1585
381		2624		914254		1581
382		2619		916646		1579
383		2634		919040		1567
384		2617		921434		1578
385		2628		923828		1571
386		2620		926222		1572
387		2621		928615		1571
388		2610		931009		1578
389		2611		933401		1569
390		2606		935793		1569
391		2613		938187		1572
392		2609		940582		1578
393		2614		942976		1568
394		2613		945371		1570
395		2613		947763		1564
396		2607		950156		1568
397		2612		952549		1569
398		2599		954943		1569
399		2604		957336		1570
400		2598		959730		1571
401		2611		962124		1577
402		2596		964516		1572
403		2609		966910		1579
404		2598		969304		1579
405		2607		971699		1570
406		2597		974093		1570
407		2602		976487		1573
408		2605		978880		1585
409		2608		981275		1572
410		2614		983669		1588
411		2618		986062		1577
412		2597		988456		1583
413		2602		990850		1582
414		2602		993245		1583
415		2603		995639		1576
416		2596		998034		1581
417		2608		1000427		1581
418		2596		1002820		1581
419		2602		1005215		1575
420		2596		1007609		1578
421		2603		1010003		1586
422		2583		1012397		1587
423		2588		1014792		1580
424		2589		1017183		1580
425		2597		1019576		1583
426		2586		1021969		1586
427		2594		1024363		1578
428		2588		1026758		1592
429		2588		1029152		1590
430		2590		1031543		1594
431		2581		1033935		1583
432		2574		1036328		1585
433		2578		1038723		1574
434		2579		1041117		1587
435		2582		1043512		1578
436		2567		1045903		1585
437		2579		1048293		1582
438		2564		1050686		1589
439		2577		1053080		1586
440		2573		1055474		1593
441		2575		1057866		1584
442		2574		1060261		1591
443		2572		1062656		1580
444		2559		1065051		1578
445		2570		1067446		1582
446		2560		1069839		1577
447		2575		1072232		1578
448		2562		1074624		1585
449		2563		1077017		1581
450		2565		1079411		1582
451		2566		1081806		1586
452		2557		1084201		1591
453		2555		1086592		1589
454		2548		1088986		1593
455		2559		1091377		1588
456		2550		1093772		1581
457		2551		1096164		1572
458		2550		1098558		1591
459		2554		1100951		1586
460		2551		1103342		1597
461		2543		1105737		1592
462		2535		1108131		1590
463		2549		1110525		1582
464		2541		1112919		1598
465		2546		1115313		1586
466		2544		1117705		1590
467		2546		1120099		1587
468		2539		1122493		1597
469		2546		1124888		1586
470		2544		1127282		1597
471		2546		1129677		1587
472		2538		1132072		1596
473		2548		1134464		1587
474		2540		1136858		1598
475		2550		1139250		1592
476		2537		1141644		1588
477		2536		1144037		1585
478		2532		1146431		1589
479		2541		1148824		1593
480		2528		1151218		1598
481		2535		1153611		1591
482		2528		1156004		1596
483		2536		1158399		1586
484		2528		1160793		1594
485		2539		1163188		1588
486		2534		1165581		1604
487		2539		1167976		1595
488		2531		1170367		1600
489		2535		1172760		1586
490		2526		1175154		1596
491		2537		1177547		1591
492		2529		1179942		1595
493		2540		1182337		1596
494		2529		1184732		1596
495		2537		1187126		1584
496		2525		1189521		1592
497		2528		1191916		1592
498		2525		1194311		1594
499		2534		1196705		1588
500		2527		1199093		1603
501		2535		1201488		1592
502		2529		1203880		1593
503		2525		1206273		1592
504		2524		1208666		1592
505		2538		1211059		1593
506		2518		1213453		1597
507		2530		1215846		1587
508		2520		1218241		1593
509		2526		1220635		1588
510		2516		1223029		1597
511		2525		1225422		1588
512		2521		1227817		1595
513		2525		1230210		1590
514		2519		1232603		1602
515		2520		1234998		1598
516		2518		1237392		1598
517		2525		1239786		1592
518		2514		1242181		1597
519		2525		1244575		1592
520		2519		1246970		1594
521		2523		1249364		1582
522		2517		1251759		1597
523		2528		1254154		1586
524		2516		1256548		1590
525		2524		1258941		1586
526		2516		1261335		1592
527		2518		1263729		1589
528		2511		1266123		1598
529		2514		1268516		1588
530		2517		1270911		1596
531		2516		1273305		1591
532		2505		1275697		1601
533		2505		1278090		1593
534		2504		1280485		1595
535		2507		1282880		1594
536		2510		1285274		1603
537		2512		1287668		1598
538		2508		1290062		1607
539		2508		1292455		1592
540		2509		1294850		1601
541		2512		1297243		1593
542		2504		1299637		1601
543		2514		1302027		1599
544		2509		1304419		1603
545		2512		1306814		1594
546		2510		1309208		1603
547		2506		1311601		1594
548		2496		1313992		1601
549		2503		1316386		1596
550		2494		1318781		1602
551		2503		1321176		1596
552		2497		1323568		1602
553		2504		1325963		1596
554		2493		1328358		1602
555		2506		1330752		1608
556		2493		1333145		1614
557		2495		1335538		1606
558		2493		1337931		1611
559		2501		1340326		1604
560		2499		1342720		1609
561		2498		1345114		1606
562		2492		1347505		1617
563		2500		1349900		1609
564		2497		1352292		1615
565		2497		1354684		1602
566		2497		1357078		1614
567		2509		1359473		1610
568		2503		1361867		1612
569		2497		1364259		1602
570		2498		1366652		1610
571		2512		1369047		1610
572		2499		1371439		1619
573		2496		1373834		1608
574		2492		1376228		1621
575		2496		1378623		1607
576		2489		1381017		1614
577		2506		1383411		1616
578		2502		1385806		1617
579		2501		1388199		1609
580		2495		1390593		1612
581		2503		1392988		1606
582		2495		1395381		1613
583		2501		1397774		1609
584		2493		1400168		1617
585		2494		1402562		1609
586		2489		1404956		1618
587		2490		1407350		1605
588		2483		1409744		1619
589		2494		1412139		1609
590		2486		1414532		1616
591		2494		1416925		1611
592		2487		1419320		1620
593		2487		1421713		1606
594		2480		1424106		1619
595		2481		1426500		1611
596		2476		1428894		1615
597		2480		1431289		1611
598		2476		1433683		1621
599		2481		1436078		1606
600		2478		1438472		1616
601		2488		1440866		1610
602		2487		1443259		1616
603		2484		1445652		1613
604		2475		1448046		1616
605		2481		1450441		1606
606		2480		1452833		1619
607		2480		1455226		1612
608		2478		1457619		1617
609		2483		1460011		1611
610		2482		1462404		1617
611		2489		1464796		1612
612		2479		1467189		1620
613		2479		1469584		1613
614		2486		1471977		1624
615		2484		1474369		1618
616		2479		1476762		1620
617		2480		1479156		1617
618		2472		1481551		1616
619		2483		1483946		1611
620		2473		1486341		1621
621		2478		1488734		1614
622		2471		1491127		1623
623		2480		1493521		1615
624		2473		1495915		1620
625		2482		1498308		1608
626		2477		1500703		1623
627		2480		1503098		1615
628		2480		1505491		1618
629		2477		1507884		1615
630		2462		1510277		1617
631		2477		1512672		1610
632		2475		1515065		1619
633		2482		1517458		1613
634		2471		1519846		1622
635		2475		1522240		1613
636		2468		1524633		1616
637		2479		1527027		1618
638		2466		1529422		1624
639		2475		1531815		1609
640		2470		1534208		1623
641		2474		1536601		1611
642		2463		1538995		1623
643		2468		1541389		1622
644		2460		1543783		1629
645		2471		1546175		1625
646		2459		1548569		1629
647		2465		1550960		1623
648		2460		1553354		1631
649		2464		1555746		1620
650		2464		1558139		1626
651		2468		1560533		1618
652		2454		1562926		1626
653		2469		1565321		1616
654		2461		1567715		1622
655		2465		1570110		1616
656		2457		1572505		1623
657		2467		1574899		1619
658		2455		1577291		1620
659		2460		1579685		1620
660		2457		1582077		1622
661		2465		1584470		1623
662		2455		1586863		1628
663		2457		1589257		1619
664		2453		1591651		1629
665		2459		1594044		1622
666		2453		1596439		1631
667		2455		1598834		1627
668		2454		1601229		1628
669		2455		1603623		1617
670		2457		1606017		1635
671		2463		1608410		1629
672		2453		1610803		1625
673		2454		1613196		1629
674		2448		1615591		1637
675		2456		1617986		1624
676		2444		1620380		1631
677		2455		1622774		1624
678		2450		1625167		1631
679		2451		1627560		1627
680		2445		1629954		1634
681		2454		1632348		1630
682		2443		1634742		1637
683		2449		1637134		1632
684		2441		1639527		1634
685		2451		1641921		1627
686		2446		1644311		1635
687		2452		1646703		1628
688		2446		1649096		1638
689		2445		1651490		1627
690		2447		1653885		1631
691		2454		1656279		1632
692		2445		1658672		1636
693		2452		1661066		1631
694		2450		1663455		1637
695		2453		1665850		1629
696		2446		1668244		1633
697		2461		1670638		1631
698		2449		1673030		1636
699		2454		1675423		1630
700		2450		1677816		1636
701		2456		1680210		1632
702		2446		1682604		1637
703		2458		1684997		1633
704		2451		1687390		1635
705		2450		1689784		1623
706		2441		1692179		1631
707		2447		1694573		1632
708		2444		1696964		1636
709		2451		1699356		1631
710		2440		1701750		1640
711		2449		1704142		1632
712		2439		1706537		1636
713		2443		1708931		1628
714		2440		1711324		1642
715		2443		1713717		1635
716		2436		1716112		1641
717		2440		1718507		1631
718		2439		1720901		1635
719		2446		1723294		1640
720		2439		1725686		1637
721		2437		1728080		1630
722		2437		1730471		1642
723		2440		1732865		1630
724		2436		1735258		1639
725		2442		1737652		1636
726		2438		1740047		1638
727		2440		1742442		1636
728		2433		1744836		1641
729		2444		1747229		1641
730		2434		1749622		1644
731		2440		1752015		1637
732		2435		1754410		1645
733		2438		1756803		1641
734		2430		1759198		1647
735		2438		1761593		1634
736		2433		1763987		1640
737		2429		1766379		1638
738		2430		1768773		1647
739		2438		1771166		1635
740		2434		1773560		1649
741		2436		1775954		1636
742		2439		1778347		1644
743		2438		1780739		1646
744		2434		1783133		1647
745		2437		1785527		1642
746		2433		1787920		1642
747		2434		1790311		1637
748		2430		1792704		1643
749		2435		1795098		1633
750		2432		1797492		1643
751		2428		1799887		1637
752		2427		1802281		1642
753		2433		1804675		1637
754		2424		1807069		1637
755		2425		1809461		1638
756		2429		1811855		1642
757		2440		1814250		1639
758		2427		1816644		1649
759		2430		1819038		1640
760		2438		1821433		1641
761		2439		1823825		1637
762		2439		1826219		1642
763		2436		1828613		1641
764		2432		1831007		1649
765		2435		1833401		1644
766		2433		1835795		1644
767		2438		1838188		1641
768		2443		1840583		1643
769		2438		1842977		1640
770		2439		1845370		1641
771		2444		1847765		1638
772		2446		1850158		1643
773		2444		1852551		1642
774		2442		1854945		1637
775		2442		1857338		1639
776		2436		1859730		1641
777		2441		1862124		1643
778		2433		1864517		1641
779		2441		1866910		1635
780		2437		1869304		1647
781		2439		1871699		1637
782		2442		1874094		1642
783		2439		1876489		1639
784		2436		1878881		1640
785		2434		1881274		1635
786		2441		1883663		1642
787		2449		1886056		1643
788		2446		1888451		1646
789		2446		1890845		1642
790		2435		1893239		1648
791		2432		1895633		1647
792		2436		1898028		1648
793		2434		1900422		1646
794		2436		1902816		1649
795		2436		1905211		1644
796		2434		1907604		1644
797		2434		1909999		1639
798		2430		1912394		1650
799		2429		1914789		1650
800		2431		1917183		1654
801		2429		1919578		1648
802		2432		1921972		1652
803		2433		1924365		1651
804		2429		1926758		1652
805		2427		1929152		1644
806		2428		1931547		1647
807		2426		1933940		1646
808		2429		1936335		1645
809		2429		1938728		1645
810		2424		1941123		1650
811		2421		1943516		1645
812		2421		1945911		1650
813		2424		1948302		1647
814		2420		1950695		1649
815		2422		1953090		1642
816		2424		1955484		1643
817		2420		1957877		1643
818		2420		1960270		1654
819		2421		1962665		1648
820		2420		1965059		1654
821		2419		1967451		1650
822		2410		1969843		1654
823		2414		1972237		1652
824		2418		1974629		1652
825		2418		1977024		1649
826		2412		1979418		1659
827		2415		1981811		1655
828		2409		1984202		1656
829		2408		1986596		1653
830		2406		1988990		1655
831		2415		1991385		1655
832		2413		1993777		1658
833		2411		1996172		1655
834		2413		1998567		1660
835		2413		2000961		1653
836		2407		2003354		1664
837		2408		2005749		1658
838		2410		2008144		1655
839		2411		2010539		1654
840		2406		2012930		1660
841		2400		2015325		1658
842		2402		2017719		1657
843		2400		2020114		1655
844		2402		2022508		1659
845		2397		2024902		1656
846		2399		2027297		1656
847		2403		2029692		1652
848		2403		2032086		1663
849		2408		2034478		1660
850		2408		2036872		1655
851		2404		2039266		1654
852		2408		2041660		1657
853		2407		2044052		1653
854		2406		2046443		1659
855		2403		2048837		1647
856		2404		2051232		1660
857		2411		2053625		1653
858		2402		2056017		1656
859		2404		2058412		1652
860		2403		2060806		1655
861		2403		2063198		1652
862		2400		2065589		1652
863		2401		2067983		1649
864		2401		2070377		1654
865		2401		2072772		1650
866		2403		2075167		1652
867		2403		2077560		1650
868		2407		2079954		1656
869		2402		2082348		1650
870		2406		2084743		1655
871		2409		2087137		1648
872		2407		2089529		1649
873		2409		2091923		1651
874		2408		2094317		1657
875		2408		2096711		1653
876		2403		2099105		1659
877		2405		2101498		1654
878		2403		2103893		1657
879		2406		2106287		1657
880		2402		2108680		1658
881		2398		2111074		1653
882		2402		2113467		1655
883		2406		2115862		1651
884		2406		2118255		1652
885		2396		2120648		1654
886		2400		2123043		1657
887		2399		2125437		1653
888		2397		2127830		1657
889		2398		2130225		1653
890		2398		2132618		1661
891		2395		2135013		1654
892		2394		2137406		1655
893		2395		2139801		1657
894		2399		2142194		1659
895		2395		2144588		1649
896		2402		2146982		1655
897		2397		2149375		1652
898		2393		2151769		1653
899		2397		2154160		1656
900		2394		2156552		1658
901		2396		2158943		1652
902		2397		2161338		1656
903		2395		2163733		1653
904		2392		2166127		1662
905		2385		2168521		1654
906		2391		2170915		1660
907		2387		2173310		1655
908		2386		2175704		1659
909		2376		2178096		1654
910		2386		2180491		1660
911		2379		2182886		1662
912		2379		2185279		1657
913		2378		2187672		1650
914		2386		2190066		1656
915		2378		2192459		1656
916		2384		2194849		1662
917		2382		2197243		1662
918		2383		2199637		1661
919		2381		2202032		1660
920		2382		2204427		1662
921		2372		2206820		1666
922		2377		2209214		1661
923		2370		2211609		1665
924		2376		2214002		1668
925		2376		2216396		1664
926		2372		2218790		1664
927		2368		2221185		1661
928		2379		2223580		1663
929		2374		2225971		1663
930		2376		2228365		1667
931		2372		2230758		1660
932		2377		2233151		1659
933		2373		2235545		1661
934		2378		2237938		1662
935		2373		2240333		1658
936		2381		2242726		1662
937		2377		2245121		1660
938		2373		2247513		1657
939		2369		2249908		1659
940		2374		2252303		1662
941		2371		2254696		1665
942		2371		2257090		1666
943		2368		2259484		1660
944		2369		2261877		1663
945		2369		2264270		1660
946		2376		2266663		1665
947		2369		2269058		1664
948		2377		2271452		1663
949		2374		2273846		1659
950		2374		2276240		1661
951		2371		2278635		1658
952		2372		2281026		1662
953		2370		2283420		1658
954		2369		2285815		1655
955		2371		2288210		1656
956		2371		2290605		1660
957		2370		2292999		1659
958		2368		2295394		1659
959		2367		2297788		1658
960		2369		2300183		1657
961		2364		2302578		1655
962		2370		2304971		1661
963		2367		2307366		1656
964		2368		2309759		1657
965		2367		2312154		1650
966		2372		2314547		1653
967		2371		2316939		1651
968		2375		2319333		1659
969		2369		2321727		1650
970		2369		2324121		1650
971		2368		2326511		1653
972		2367		2328906		1660
973		2365		2331299		1659
974		2358		2333693		1653
975		2360		2336087		1653
976		2360		2338481		1659
977		2361		2340875		1656
978		2366		2343270		1656
979		2363		2345664		1653
980		2363		2348058		1652
981		2361		2350451		1649
982		2353		2352846		1654
983		2365		2355241		1658
984		2364		2357632		1651
985		2373		2360027		1661
986		2361		2362422		1654
987		2366		2364817		1656
988		2369		2367209		1662
989		2369		2369602		1653
990		2365		2371995		1664
991		2364		2374389		1655
992		2360		2376784		1658
993		2369		2379179		1655
994		2364		2381572		1660
995		2368		2383967		1657
996		2369		2386361		1653
997		2368		2388756		1653
998		2368		2391151		1652
999		2361		2393546		1650
