# Migration is number of nodes that have changed color.

Round		Edge-Cut		Swaps		Migrations		Skipped
0		5857		2395		688
1		5799		4790		694
2		5757		7185		832
3		5722		9580		799
4		5657		11975		913
5		5669		14370		901
6		5676		16765		1000
7		5643		19160		961
8		5697		21555		1043
9		5543		23950		1002
10		5571		26345		1083
11		5512		28740		1034
12		5485		31135		1138
13		5518		33530		1087
14		5558		35925		1168
15		5570		38320		1108
16		5613		40715		1158
17		5545		43110		1122
18		5538		45505		1178
19		5549		47900		1124
20		5550		50295		1228
21		5519		52690		1164
22		5454		55085		1245
23		5533		57480		1162
24		5565		59875		1260
25		5518		62270		1219
26		5373		64665		1280
27		5535		67060		1206
28		5515		69455		1271
29		5511		71850		1218
30		5529		74245		1305
31		5512		76640		1250
32		5523		79035		1317
33		5471		81430		1250
34		5555		83825		1346
35		5635		86220		1310
36		5614		88615		1357
37		5745		91010		1323
38		5694		93405		1352
39		5639		95800		1330
40		5704		98195		1372
41		5722		100590		1341
42		5701		102985		1377
43		5727		105380		1392
44		5739		107775		1395
45		5734		110170		1393
46		5723		112565		1419
47		5733		114960		1386
48		5704		117355		1430
49		5705		119750		1413
50		5641		122145		1417
51		5629		124540		1422
52		5711		126935		1443
53		5732		129330		1398
54		5657		131725		1449
55		5718		134120		1418
56		5721		136515		1472
57		5610		138910		1398
58		5718		141305		1447
59		5702		143700		1418
60		5722		146095		1445
61		5682		148490		1434
62		5752		150885		1458
63		5780		153280		1417
64		5621		155675		1461
65		5687		158070		1439
66		5750		160465		1480
67		5690		162860		1443
68		5669		165255		1483
69		5649		167650		1469
70		5743		170045		1457
71		5672		172440		1455
72		5724		174835		1481
73		5676		177230		1455
74		5694		179625		1510
75		5711		182020		1473
76		5716		184415		1516
77		5672		186810		1457
78		5700		189205		1499
79		5658		191600		1500
80		5626		193995		1489
81		5668		196390		1508
82		5683		198785		1491
83		5717		201180		1493
84		5693		203575		1545
85		5634		205970		1500
86		5734		208365		1529
87		5641		210760		1505
88		5701		213155		1520
89		5657		215550		1516
90		5664		217945		1502
91		5691		220340		1509
92		5713		222735		1523
93		5559		225130		1509
94		5637		227525		1543
95		5677		229920		1478
96		5609		232315		1515
97		5669		234710		1482
98		5670		237105		1509
99		5704		239500		1491
100		5617		241895		1524
101		5699		244290		1496
102		5589		246685		1541
103		5730		249080		1506
104		5696		251475		1532
105		5639		253870		1504
106		5665		256265		1535
107		5616		258660		1507
108		5640		261055		1514
109		5615		263450		1506
110		5696		265845		1548
111		5634		268240		1508
112		5643		270635		1538
113		5651		273030		1509
114		5609		275425		1565
115		5611		277820		1525
116		5717		280215		1523
117		5683		282610		1532
118		5629		285005		1547
119		5614		287400		1508
120		5509		289795		1523
121		5632		292190		1533
122		5642		294585		1533
123		5720		296980		1539
124		5661		299375		1555
125		5623		301770		1540
126		5652		304165		1576
127		5704		306560		1534
128		5586		308955		1555
129		5658		311350		1530
130		5590		313745		1543
131		5622		316140		1552
132		5655		318535		1552
133		5619		320930		1515
134		5680		323325		1550
135		5561		325720		1536
136		5526		328115		1568
137		5652		330510		1561
138		5676		332905		1561
139		5607		335300		1524
140		5710		337695		1559
141		5647		340090		1518
142		5592		342485		1537
143		5696		344880		1537
144		5684		347275		1570
145		5581		349670		1521
146		5602		352065		1558
147		5635		354460		1546
148		5628		356855		1569
149		5657		359250		1517
150		5608		361645		1557
151		5638		364040		1542
152		5670		366435		1604
153		5558		368830		1544
154		5703		371225		1585
155		5618		373620		1572
156		5645		376015		1576
157		5682		378410		1558
158		5616		380805		1600
159		5603		383200		1566
160		5651		385595		1606
161		5683		387990		1582
162		5713		390385		1584
163		5702		392780		1585
164		5652		395175		1603
165		5671		397570		1589
166		5645		399965		1600
167		5627		402360		1582
168		5614		404755		1613
169		5611		407150		1592
170		5633		409545		1582
171		5623		411940		1554
172		5586		414335		1576
173		5670		416730		1548
174		5585		419125		1601
175		5702		421520		1571
176		5603		423915		1593
177		5558		426310		1575
178		5580		428705		1587
179		5661		431100		1567
180		5636		433495		1606
181		5713		435890		1562
182		5634		438285		1594
183		5636		440680		1538
184		5677		443075		1593
185		5637		445470		1547
186		5669		447865		1583
187		5670		450260		1579
188		5679		452655		1573
189		5628		455050		1561
190		5686		457445		1575
191		5756		459840		1552
192		5690		462235		1552
193		5688		464630		1533
194		5635		467025		1577
195		5672		469420		1527
196		5639		471815		1548
197		5628		474210		1535
198		5600		476605		1557
199		5731		479000		1545
200		5697		481395		1581
201		5582		483790		1555
202		5561		486185		1591
203		5630		488580		1569
204		5695		490975		1570
205		5669		493370		1553
206		5714		495765		1599
207		5730		498160		1550
208		5662		500555		1579
209		5670		502950		1547
210		5607		505345		1567
211		5719		507740		1534
212		5617		510135		1599
213		5702		512530		1522
214		5634		514925		1585
215		5662		517320		1562
216		5635		519715		1578
217		5602		522110		1549
218		5697		524505		1577
219		5520		526900		1536
220		5630		529295		1574
221		5615		531690		1539
222		5616		534085		1536
223		5584		536480		1544
224		5609		538875		1557
225		5646		541270		1517
226		5620		543665		1544
227		5652		546060		1529
228		5647		548455		1568
229		5662		550850		1556
230		5624		553245		1565
231		5596		555640		1545
232		5599		558035		1574
233		5602		560430		1560
234		5551		562825		1570
235		5528		565220		1570
236		5530		567615		1579
237		5647		570010		1562
238		5585		572405		1574
239		5591		574800		1576
240		5573		577195		1578
241		5591		579590		1548
242		5662		581985		1592
243		5576		584380		1560
244		5604		586775		1577
245		5646		589170		1545
246		5546		591565		1563
247		5548		593960		1565
248		5594		596355		1560
249		5613		598750		1569
250		5576		601145		1603
251		5624		603540		1573
252		5669		605935		1572
253		5412		608330		1611
254		5429		610725		1573
255		5482		613120		1579
256		5513		615515		1593
257		5357		617910		1607
258		5408		620305		1612
259		5513		622700		1599
260		5511		625095		1607
261		5494		627490		1594
262		5413		629885		1613
263		5483		632280		1589
264		5422		634675		1585
265		5450		637070		1578
266		5428		639465		1564
267		5377		641860		1604
268		5485		644255		1611
269		5342		646650		1612
270		5485		649045		1588
271		5386		651440		1619
272		5384		653835		1585
273		5367		656230		1617
274		5338		658625		1597
275		5238		661020		1607
276		5359		663415		1603
277		5365		665810		1591
278		5214		668205		1608
279		5247		670600		1593
280		5352		672995		1598
281		5234		675390		1604
282		5385		677785		1605
283		5331		680180		1585
284		5518		682575		1595
285		5529		684970		1555
286		5582		687365		1567
287		5576		689760		1529
288		5591		692155		1578
289		5697		694550		1535
290		5645		696945		1568
291		5689		699340		1530
292		5698		701735		1559
293		5639		704130		1536
294		5704		706525		1575
295		5613		708920		1537
296		5642		711315		1534
297		5661		713710		1542
298		5607		716105		1566
299		5673		718500		1525
300		5630		720895		1565
301		5579		723290		1539
302		5576		725685		1562
303		5547		728080		1548
304		5546		730475		1563
305		5608		732870		1541
306		5630		735265		1551
307		5656		737660		1551
308		5661		740055		1581
309		5560		742450		1538
310		5575		744845		1539
311		5506		747240		1538
312		5577		749635		1538
313		5581		752030		1529
314		5638		754425		1567
315		5654		756820		1533
316		5624		759215		1568
317		5654		761610		1518
318		5637		764005		1573
319		5591		766400		1565
320		5591		768795		1563
321		5660		771190		1529
322		5611		773585		1552
323		5575		775980		1556
324		5612		778375		1573
325		5571		780770		1559
326		5640		783165		1532
327		5558		785560		1534
328		5688		787955		1536
329		5656		790350		1554
330		5679		792745		1579
331		5640		795140		1562
332		5617		797535		1566
333		5671		799930		1573
334		5624		802325		1590
335		5604		804720		1577
336		5624		807115		1594
337		5620		809510		1595
338		5661		811905		1615
339		5576		814300		1599
340		5689		816695		1617
341		5510		819090		1591
342		5524		821485		1603
343		5576		823880		1581
344		5577		826275		1596
345		5657		828670		1587
346		5647		831065		1597
347		5617		833460		1601
348		5611		835855		1601
349		5580		838250		1582
350		5610		840645		1600
351		5532		843040		1599
352		5664		845435		1589
353		5641		847830		1575
354		5657		850225		1605
355		5592		852620		1591
356		5621		855015		1589
357		5524		857410		1586
358		5649		859805		1574
359		5723		862200		1587
360		5602		864595		1611
361		5585		866990		1614
362		5637		869385		1602
363		5543		871780		1591
364		5546		874175		1610
365		5517		876570		1581
366		5690		878965		1573
367		5418		881360		1581
368		5669		883755		1611
369		5691		886150		1582
370		5551		888545		1581
371		5606		890940		1595
372		5642		893335		1594
373		5609		895730		1628
374		5544		898125		1625
375		5601		900520		1611
376		5545		902915		1639
377		5511		905310		1607
378		5425		907705		1614
379		5585		910100		1574
380		5518		912495		1611
381		5504		914890		1607
382		5602		917285		1609
383		5657		919680		1617
384		5566		922075		1611
385		5581		924470		1607
386		5649		926865		1639
387		5621		929260		1617
388		5560		931655		1603
389		5549		934050		1632
390		5572		936445		1607
391		5579		938840		1594
392		5594		941235		1619
393		5677		943630		1623
394		5536		946025		1620
395		5603		948420		1603
396		5657		950815		1632
397		5629		953210		1625
398		5560		955605		1636
399		5625		958000		1622
400		5542		960395		1625
401		5520		962790		1615
402		5647		965185		1616
403		5665		967580		1615
404		5670		969975		1611
405		5679		972370		1598
406		5593		974765		1619
407		5557		977160		1589
408		5533		979555		1605
409		5647		981950		1608
410		5626		984345		1594
411		5576		986740		1574
412		5603		989135		1622
413		5461		991530		1600
414		5649		993925		1611
415		5560		996320		1610
416		5636		998715		1589
417		5558		1001110		1620
418		5634		1003505		1624
419		5588		1005900		1620
420		5560		1008295		1605
421		5607		1010690		1640
422		5584		1013085		1649
423		5678		1015480		1641
424		5626		1017875		1646
425		5630		1020270		1633
426		5620		1022665		1640
427		5622		1025060		1623
428		5537		1027455		1650
429		5625		1029850		1631
430		5600		1032245		1636
431		5663		1034640		1631
432		5612		1037035		1623
433		5645		1039430		1633
434		5612		1041825		1634
435		5557		1044220		1619
436		5711		1046615		1622
437		5692		1049010		1640
438		5514		1051405		1638
439		5529		1053800		1615
440		5607		1056195		1637
441		5533		1058590		1608
442		5641		1060985		1646
443		5614		1063380		1617
444		5664		1065775		1653
445		5605		1068170		1645
446		5645		1070565		1628
447		5629		1072960		1623
448		5601		1075355		1615
449		5594		1077750		1639
450		5518		1080145		1637
451		5614		1082540		1630
452		5531		1084935		1657
453		5584		1087330		1612
454		5663		1089725		1628
455		5579		1092120		1623
456		5558		1094515		1618
457		5532		1096910		1626
458		5544		1099305		1634
459		5654		1101700		1626
460		5577		1104095		1614
461		5573		1106490		1627
462		5637		1108885		1617
463		5582		1111280		1641
464		5658		1113675		1634
465		5645		1116070		1629
466		5696		1118465		1602
467		5629		1120860		1624
468		5652		1123255		1632
469		5672		1125650		1634
470		5537		1128045		1616
471		5616		1130440		1637
472		5615		1132835		1596
473		5645		1135230		1622
474		5534		1137625		1619
475		5700		1140020		1584
476		5685		1142415		1594
477		5564		1144810		1588
478		5660		1147205		1581
479		5557		1149600		1600
480		5638		1151995		1616
481		5619		1154390		1608
482		5643		1156785		1605
483		5621		1159180		1611
484		5602		1161575		1617
485		5611		1163970		1614
486		5656		1166365		1619
487		5636		1168760		1611
488		5622		1171155		1610
489		5553		1173550		1610
490		5619		1175945		1633
491		5602		1178340		1615
492		5651		1180735		1610
493		5593		1183130		1610
494		5684		1185525		1617
495		5612		1187920		1621
496		5591		1190315		1605
497		5591		1192710		1606
498		5710		1195105		1620
499		5600		1197500		1609
500		5562		1199895		1625
501		5561		1202290		1601
502		5527		1204685		1593
503		5581		1207080		1593
504		5642		1209475		1621
505		5645		1211870		1609
506		5625		1214265		1605
507		5499		1216660		1602
508		5625		1219055		1594
509		5603		1221450		1575
510		5671		1223845		1617
511		5628		1226240		1588
512		5634		1228635		1579
513		5583		1231030		1602
514		5578		1233425		1595
515		5629		1235820		1564
516		5616		1238215		1597
517		5601		1240610		1567
518		5596		1243005		1586
519		5631		1245400		1591
520		5628		1247795		1585
521		5636		1250190		1580
522		5579		1252585		1589
523		5602		1254980		1587
524		5629		1257375		1608
525		5584		1259770		1600
526		5531		1262165		1580
527		5524		1264560		1605
528		5601		1266955		1609
529		5540		1269350		1590
530		5500		1271745		1601
531		5591		1274140		1582
532		5550		1276535		1596
533		5604		1278930		1583
534		5563		1281325		1602
535		5536		1283720		1580
536		5636		1286115		1602
537		5696		1288510		1569
538		5567		1290905		1604
539		5655		1293300		1593
540		5555		1295695		1611
541		5614		1298090		1577
542		5666		1300485		1603
543		5659		1302880		1609
544		5501		1305275		1608
545		5666		1307670		1611
546		5659		1310065		1609
547		5518		1312460		1597
548		5615		1314855		1598
549		5599		1317250		1595
550		5598		1319645		1589
551		5552		1322040		1594
552		5570		1324435		1628
553		5536		1326830		1622
554		5507		1329225		1578
555		5581		1331620		1628
556		5606		1334015		1606
557		5494		1336410		1601
558		5567		1338805		1601
559		5564		1341200		1624
560		5597		1343595		1613
561		5559		1345990		1598
562		5581		1348385		1590
563		5556		1350780		1604
564		5471		1353175		1596
565		5647		1355570		1589
566		5575		1357965		1603
567		5482		1360360		1590
568		5594		1362755		1619
569		5518		1365150		1586
570		5515		1367545		1591
571		5554		1369940		1602
572		5331		1372335		1571
573		5572		1374730		1590
574		5570		1377125		1598
575		5622		1379520		1597
576		5594		1381915		1609
577		5508		1384310		1581
578		5431		1386705		1581
579		5624		1389100		1590
580		5632		1391495		1601
581		5613		1393890		1589
582		5624		1396285		1621
583		5629		1398680		1587
584		5586		1401075		1592
585		5574		1403470		1595
586		5541		1405865		1598
587		5573		1408260		1580
588		5523		1410655		1595
589		5610		1413050		1598
590		5498		1415445		1622
591		5629		1417840		1610
592		5613		1420235		1611
593		5541		1422630		1591
594		5444		1425025		1622
595		5556		1427420		1640
596		5582		1429815		1615
597		5500		1432210		1609
598		5612		1434605		1627
599		5614		1437000		1635
600		5620		1439395		1594
601		5572		1441790		1590
602		5595		1444185		1606
603		5562		1446580		1603
604		5505		1448975		1604
605		5518		1451370		1628
606		5552		1453765		1622
607		5524		1456160		1622
608		5530		1458555		1593
609		5508		1460950		1609
610		5568		1463345		1604
611		5588		1465740		1612
612		5567		1468135		1609
613		5528		1470530		1583
614		5528		1472925		1599
615		5557		1475320		1615
616		5523		1477715		1610
617		5601		1480110		1602
618		5495		1482505		1642
619		5503		1484900		1604
620		5592		1487295		1599
621		5546		1489690		1599
622		5590		1492085		1612
623		5453		1494480		1634
624		5562		1496875		1626
625		5621		1499270		1631
626		5590		1501665		1609
627		5567		1504060		1631
628		5498		1506455		1624
629		5488		1508850		1607
630		5581		1511245		1605
631		5526		1513640		1601
632		5626		1516035		1606
633		5554		1518430		1614
634		5538		1520825		1590
635		5603		1523220		1597
636		5527		1525615		1597
637		5594		1528010		1592
638		5556		1530405		1617
639		5537		1532800		1592
640		5613		1535195		1605
641		5597		1537590		1608
642		5441		1539985		1620
643		5652		1542380		1598
644		5578		1544775		1623
645		5472		1547170		1629
646		5389		1549565		1606
647		5664		1551960		1606
648		5475		1554355		1609
649		5557		1556750		1628
650		5579		1559145		1601
651		5583		1561540		1616
652		5563		1563935		1590
653		5546		1566330		1609
654		5559		1568725		1611
655		5433		1571120		1612
656		5504		1573515		1610
657		5518		1575910		1613
658		5617		1578305		1611
659		5644		1580700		1606
660		5638		1583095		1625
661		5633		1585490		1596
662		5625		1587885		1613
663		5611		1590280		1607
664		5642		1592675		1605
665		5652		1595070		1589
666		5545		1597465		1589
667		5526		1599860		1584
668		5661		1602255		1580
669		5676		1604650		1580
670		5625		1607045		1617
671		5640		1609440		1603
672		5599		1611835		1589
673		5602		1614230		1620
674		5550		1616625		1615
675		5646		1619020		1614
676		5507		1621415		1609
677		5516		1623810		1631
678		5630		1626205		1624
679		5688		1628600		1627
680		5633		1630995		1647
681		5647		1633390		1637
682		5627		1635785		1628
683		5688		1638180		1593
684		5684		1640575		1610
685		5650		1642970		1627
686		5644		1645365		1614
687		5617		1647760		1609
688		5632		1650155		1612
689		5645		1652550		1606
690		5601		1654945		1622
691		5614		1657340		1602
692		5580		1659735		1613
693		5629		1662130		1620
694		5628		1664525		1609
695		5509		1666920		1610
696		5616		1669315		1630
697		5593		1671710		1631
698		5650		1674105		1641
699		5611		1676500		1623
700		5694		1678895		1606
701		5648		1681290		1593
702		5565		1683685		1587
703		5550		1686080		1626
704		5555		1688475		1624
705		5559		1690870		1631
706		5664		1693265		1627
707		5526		1695660		1629
708		5581		1698055		1616
709		5645		1700450		1623
710		5617		1702845		1633
711		5527		1705240		1619
712		5586		1707635		1612
713		5534		1710030		1609
714		5584		1712425		1613
715		5536		1714820		1591
716		5655		1717215		1619
717		5532		1719610		1615
718		5541		1722005		1621
719		5597		1724400		1621
720		5540		1726795		1600
721		5531		1729190		1590
722		5488		1731585		1626
723		5559		1733980		1580
724		5479		1736375		1606
725		5638		1738770		1605
726		5549		1741165		1606
727		5439		1743560		1577
728		5648		1745955		1607
729		5517		1748350		1586
730		5598		1750745		1608
731		5613		1753140		1576
732		5577		1755535		1612
733		5568		1757930		1589
734		5563		1760325		1609
735		5628		1762720		1604
736		5617		1765115		1580
737		5566		1767510		1594
738		5567		1769905		1598
739		5608		1772300		1607
740		5571		1774695		1612
741		5559		1777090		1597
742		5584		1779485		1601
743		5552		1781880		1596
744		5444		1784275		1597
745		5539		1786670		1569
746		5604		1789065		1594
747		5634		1791460		1592
748		5556		1793855		1593
749		5615		1796250		1587
750		5516		1798645		1572
751		5518		1801040		1626
752		5546		1803435		1609
753		5543		1805830		1620
754		5412		1808225		1610
755		5545		1810620		1605
756		5573		1813015		1618
757		5502		1815410		1629
758		5574		1817805		1619
759		5557		1820200		1601
760		5583		1822595		1623
761		5497		1824990		1643
762		5474		1827385		1622
763		5476		1829780		1630
764		5517		1832175		1622
765		5558		1834570		1623
766		5442		1836965		1634
767		5487		1839360		1595
768		5522		1841755		1625
769		5510		1844150		1610
770		5610		1846545		1621
771		5457		1848940		1621
772		5434		1851335		1602
773		5597		1853730		1630
774		5561		1856125		1606
775		5558		1858520		1630
776		5536		1860915		1627
777		5536		1863310		1635
778		5413		1865705		1647
779		5642		1868100		1619
780		5537		1870495		1637
781		5489		1872890		1631
782		5476		1875285		1630
783		5583		1877680		1625
784		5580		1880075		1609
785		5608		1882470		1599
786		5562		1884865		1642
787		5500		1887260		1614
788		5521		1889655		1641
789		5599		1892050		1625
790		5575		1894445		1638
791		5490		1896840		1610
792		5572		1899235		1623
793		5563		1901630		1631
794		5610		1904025		1622
795		5619		1906420		1619
796		5596		1908815		1649
797		5624		1911210		1647
798		5498		1913605		1640
799		5559		1916000		1627
800		5525		1918395		1617
801		5545		1920790		1646
802		5603		1923185		1617
803		5552		1925580		1638
804		5639		1927975		1627
805		5483		1930370		1634
806		5555		1932765		1645
807		5519		1935160		1644
808		5481		1937555		1636
809		5613		1939950		1641
810		5545		1942345		1688
811		5539		1944740		1642
812		5495		1947135		1613
813		5606		1949530		1639
814		5567		1951925		1643
815		5622		1954320		1644
816		5655		1956715		1664
817		5615		1959110		1647
818		5580		1961505		1634
819		5504		1963900		1648
820		5509		1966295		1629
821		5556		1968690		1636
822		5600		1971085		1623
823		5575		1973480		1626
824		5516		1975875		1633
825		5488		1978270		1617
826		5508		1980665		1606
827		5449		1983060		1622
828		5542		1985455		1651
829		5465		1987850		1613
830		5462		1990245		1634
831		5572		1992640		1624
832		5505		1995035		1648
833		5540		1997430		1630
834		5606		1999825		1635
835		5521		2002220		1631
836		5532		2004615		1622
837		5571		2007010		1627
838		5559		2009405		1620
839		5544		2011800		1624
840		5585		2014195		1631
841		5532		2016590		1629
842		5627		2018985		1614
843		5537		2021380		1610
844		5539		2023775		1617
845		5513		2026170		1608
846		5467		2028565		1613
847		5503		2030960		1613
848		5564		2033355		1620
849		5533		2035750		1620
850		5596		2038145		1627
851		5613		2040540		1636
852		5571		2042935		1615
853		5535		2045330		1599
854		5483		2047725		1631
855		5534		2050120		1623
856		5565		2052515		1605
857		5555		2054910		1604
858		5593		2057305		1625
859		5544		2059700		1600
860		5499		2062095		1637
861		5502		2064490		1608
862		5490		2066885		1647
863		5534		2069280		1638
864		5493		2071675		1630
865		5583		2074070		1631
866		5606		2076465		1646
867		5564		2078860		1627
868		5562		2081255		1628
869		5583		2083650		1634
870		5533		2086045		1617
871		5548		2088440		1639
872		5579		2090835		1627
873		5546		2093230		1604
874		5550		2095625		1634
875		5560		2098020		1626
876		5579		2100415		1631
877		5593		2102810		1658
878		5511		2105205		1633
879		5656		2107600		1632
880		5582		2109995		1640
881		5581		2112390		1616
882		5538		2114785		1630
883		5533		2117180		1625
884		5658		2119575		1637
885		5486		2121970		1607
886		5521		2124365		1631
887		5463		2126760		1628
888		5562		2129155		1609
889		5590		2131550		1615
890		5514		2133945		1622
891		5488		2136340		1601
892		5611		2138735		1618
893		5580		2141130		1605
894		5650		2143525		1621
895		5543		2145920		1596
896		5547		2148315		1599
897		5516		2150710		1631
898		5512		2153105		1586
899		5515		2155500		1603
900		5554		2157895		1624
901		5477		2160290		1632
902		5599		2162685		1604
903		5585		2165080		1635
904		5514		2167475		1606
905		5446		2169870		1623
906		5481		2172265		1607
907		5622		2174660		1602
908		5619		2177055		1593
909		5561		2179450		1578
910		5579		2181845		1600
911		5589		2184240		1606
912		5553		2186635		1558
913		5577		2189030		1602
914		5618		2191425		1567
915		5527		2193820		1572
916		5553		2196215		1574
917		5555		2198610		1574
918		5633		2201005		1552
919		5639		2203400		1582
920		5626		2205795		1565
921		5397		2208190		1581
922		5608		2210585		1587
923		5550		2212980		1560
924		5492		2215375		1556
925		5546		2217770		1574
926		5542		2220165		1586
927		5539		2222560		1566
928		5580		2224955		1566
929		5549		2227350		1551
930		5479		2229745		1553
931		5486		2232140		1564
932		5525		2234535		1585
933		5438		2236930		1579
934		5544		2239325		1576
935		5611		2241720		1592
936		5541		2244115		1566
937		5572		2246510		1568
938		5578		2248905		1600
939		5562		2251300		1587
940		5463		2253695		1598
941		5527		2256090		1607
942		5554		2258485		1589
943		5600		2260880		1609
944		5533		2263275		1597
945		5579		2265670		1581
946		5666		2268065		1607
947		5547		2270460		1618
948		5566		2272855		1601
949		5601		2275250		1603
950		5582		2277645		1609
951		5452		2280040		1610
952		5464		2282435		1622
953		5508		2284830		1595
954		5450		2287225		1608
955		5527		2289620		1601
956		5446		2292015		1605
957		5575		2294410		1589
958		5472		2296805		1622
959		5475		2299200		1629
960		5536		2301595		1613
961		5551		2303990		1621
962		5608		2306385		1637
963		5540		2308780		1611
964		5602		2311175		1642
965		5588		2313570		1610
966		5583		2315965		1613
967		5503		2318360		1608
968		5492		2320755		1598
969		5482		2323150		1625
970		5479		2325545		1597
971		5470		2327940		1581
972		5478		2330335		1611
973		5472		2332730		1598
974		5437		2335125		1597
975		5502		2337520		1589
976		5463		2339915		1609
977		5465		2342310		1569
978		5417		2344705		1611
979		5373		2347100		1596
980		5503		2349495		1584
981		5488		2351890		1620
982		5454		2354285		1584
983		5565		2356680		1604
984		5450		2359075		1598
985		5551		2361470		1628
986		5503		2363865		1613
987		5492		2366260		1595
988		5456		2368655		1598
989		5549		2371050		1579
990		5569		2373445		1593
991		5467		2375840		1597
992		5507		2378235		1581
993		5472		2380630		1613
994		5530		2383025		1617
995		5492		2385420		1621
996		5449		2387815		1606
997		5532		2390210		1638
998		5498		2392605		1603
999		5484		2395000		1623
