# Migration is number of nodes that have changed color.

Round		Edge-Cut		Swaps		Migrations		Skipped
0		5447		2394		661
1		4989		4787		665
2		4680		7181		820
3		4555		9574		816
4		4487		11967		906
5		4447		14359		893
6		4419		16753		958
7		4383		19144		924
8		4330		21535		991
9		4290		23926		942
10		4265		26320		1028
11		4230		28713		966
12		4204		31107		1018
13		4166		33497		983
14		4115		35891		1066
15		4021		38280		1031
16		3905		40670		1072
17		3841		43057		1042
18		3788		45451		1120
19		3784		47842		1070
20		3724		50235		1124
21		3742		52628		1101
22		3727		55017		1147
23		3699		57410		1094
24		3667		59804		1157
25		3657		62196		1106
26		3648		64586		1168
27		3666		66981		1114
28		3615		69373		1175
29		3635		71767		1124
30		3597		74162		1186
31		3587		76555		1174
32		3554		78947		1195
33		3573		81338		1148
34		3541		83732		1188
35		3538		86124		1159
36		3502		88516		1223
37		3513		90908		1175
38		3499		93301		1214
39		3487		95694		1188
40		3473		98087		1220
41		3478		100481		1193
42		3471		102876		1238
43		3455		105265		1214
44		3450		107658		1235
45		3431		110053		1213
46		3437		112446		1262
47		3451		114838		1238
48		3440		117229		1259
49		3430		119622		1221
50		3414		122017		1258
51		3414		124412		1244
52		3381		126805		1262
53		3391		129199		1230
54		3370		131594		1284
55		3382		133989		1233
56		3351		136383		1279
57		3358		138775		1239
58		3328		141169		1281
59		3336		143564		1257
60		3310		145958		1297
61		3324		148351		1269
62		3304		150745		1302
63		3314		153139		1262
64		3304		155532		1300
65		3289		157926		1287
66		3276		160316		1319
67		3263		162708		1281
68		3277		165102		1320
69		3271		167492		1286
70		3256		169886		1328
71		3253		172278		1285
72		3251		174671		1312
73		3243		177065		1291
74		3222		179458		1332
75		3216		181848		1307
76		3208		184243		1338
77		3194		186637		1320
78		3183		189030		1341
79		3189		191419		1332
80		3170		193813		1350
81		3168		196207		1339
82		3163		198600		1351
83		3158		200993		1319
84		3166		203387		1379
85		3155		205781		1353
86		3137		208174		1364
87		3136		210568		1331
88		3122		212960		1368
89		3126		215352		1334
90		3120		217746		1367
91		3128		220138		1342
92		3125		222531		1371
93		3112		224923		1350
94		3099		227317		1375
95		3113		229710		1351
96		3096		232103		1384
97		3080		234495		1352
98		3089		236888		1365
99		3087		239282		1357
100		3100		241676		1356
101		3084		244070		1353
102		3059		246463		1374
103		3059		248857		1359
104		3049		251251		1389
105		3060		253642		1371
106		3034		256035		1388
107		3036		258425		1367
108		3035		260819		1391
109		3051		263209		1351
110		3047		265601		1392
111		3047		267993		1372
112		3050		270387		1397
113		3044		272782		1376
114		3049		275177		1416
115		3045		277567		1384
116		3038		279961		1405
117		3028		282356		1391
118		3033		284747		1410
119		3034		287141		1399
120		3020		289535		1417
121		3034		291928		1394
122		3024		294322		1406
123		3034		296714		1408
124		3028		299106		1418
125		3010		301500		1405
126		3019		303894		1439
127		3015		306288		1418
128		3001		308681		1450
129		3008		311074		1409
130		2989		313466		1429
131		2999		315861		1418
132		3001		318256		1451
133		2995		320648		1436
134		2983		323043		1454
135		2972		325434		1451
136		2975		327828		1461
137		2974		330219		1440
138		2982		332612		1460
139		2962		335005		1433
140		2961		337399		1465
141		2960		339790		1448
142		2960		342183		1473
143		2953		344577		1452
144		2957		346970		1486
145		2952		349363		1458
146		2957		351755		1476
147		2943		354147		1449
148		2940		356537		1474
149		2933		358927		1450
150		2913		361321		1474
151		2928		363715		1455
152		2932		366110		1478
153		2924		368503		1456
154		2923		370897		1474
155		2910		373291		1468
156		2911		375686		1480
157		2919		378079		1478
158		2912		380471		1498
159		2923		382864		1474
160		2918		385257		1487
161		2907		387650		1474
162		2913		390040		1483
163		2907		392432		1472
164		2910		394827		1498
165		2903		397220		1477
166		2903		399614		1502
167		2890		402008		1471
168		2905		404399		1499
169		2896		406792		1483
170		2899		409187		1498
171		2891		411577		1478
172		2883		413970		1494
173		2888		416365		1483
174		2895		418759		1501
175		2882		421151		1477
176		2891		423542		1498
177		2881		425935		1478
178		2873		428328		1483
179		2865		430722		1484
180		2866		433116		1515
181		2869		435510		1478
182		2871		437905		1503
183		2878		440298		1492
184		2871		442690		1498
185		2871		445084		1486
186		2874		447478		1501
187		2870		449872		1483
188		2873		452267		1500
189		2867		454660		1490
190		2863		457055		1506
191		2840		459449		1503
192		2850		461840		1518
193		2846		464232		1492
194		2832		466626		1515
195		2838		469021		1489
196		2828		471414		1508
197		2821		473809		1489
198		2829		476202		1513
199		2815		478595		1498
200		2816		480989		1521
201		2810		483382		1490
202		2828		485774		1516
203		2812		488167		1494
204		2812		490559		1530
205		2807		492952		1500
206		2815		495345		1508
207		2801		497739		1515
208		2810		500134		1527
209		2801		502529		1517
210		2809		504920		1529
211		2811		507313		1507
212		2808		509707		1530
213		2795		512102		1515
214		2795		514497		1541
215		2798		516891		1517
216		2795		519286		1521
217		2781		521677		1513
218		2783		524070		1542
219		2770		526462		1529
220		2777		528856		1544
221		2765		531249		1526
222		2774		533644		1538
223		2762		536039		1521
224		2766		538434		1534
225		2747		540828		1516
226		2752		543221		1548
227		2749		545616		1533
228		2747		548010		1554
229		2730		550404		1530
230		2736		552798		1537
231		2729		555192		1527
232		2748		557586		1541
233		2750		559981		1532
234		2747		562373		1545
235		2744		564766		1525
236		2758		567161		1541
237		2743		569555		1521
238		2750		571948		1555
239		2748		574341		1537
240		2762		576736		1551
241		2737		579131		1544
242		2743		581526		1544
243		2731		583920		1531
244		2720		586315		1548
245		2712		588709		1531
246		2734		591104		1546
247		2722		593499		1538
248		2717		595893		1548
249		2710		598287		1529
250		2711		600682		1545
251		2706		603075		1525
252		2712		605470		1552
253		2700		607862		1536
254		2714		610255		1552
255		2705		612649		1542
256		2718		615044		1552
257		2706		617439		1543
258		2715		619832		1552
259		2718		622225		1540
260		2718		624613		1563
261		2709		627006		1550
262		2714		629401		1557
263		2709		631794		1543
264		2713		634187		1548
265		2704		636581		1547
266		2707		638976		1563
267		2703		641368		1542
268		2711		643761		1555
269		2702		646155		1543
270		2701		648550		1553
271		2705		650943		1534
272		2710		653337		1551
273		2707		655729		1538
274		2710		658124		1560
275		2704		660518		1545
276		2708		662912		1560
277		2701		665305		1544
278		2708		667696		1553
279		2706		670090		1547
280		2696		672484		1553
281		2702		674879		1538
282		2692		677272		1564
283		2693		679664		1547
284		2688		682057		1548
285		2688		684451		1554
286		2681		686846		1571
287		2683		689237		1556
288		2680		691630		1563
289		2677		694025		1567
290		2685		696419		1559
291		2690		698813		1550
292		2675		701208		1555
293		2667		703602		1556
294		2662		705997		1568
295		2664		708392		1552
296		2672		710785		1573
297		2668		713179		1560
298		2667		715574		1563
299		2663		717967		1550
300		2672		720361		1569
301		2674		722754		1566
302		2678		725145		1567
303		2676		727538		1559
304		2665		729933		1573
305		2664		732328		1568
306		2651		734723		1569
307		2658		737115		1575
308		2659		739507		1581
309		2662		741901		1560
310		2661		744293		1577
311		2662		746685		1570
312		2662		749078		1580
313		2654		751471		1572
314		2661		753865		1587
315		2643		756259		1580
316		2644		758652		1584
317		2641		761046		1570
318		2643		763441		1576
319		2644		765836		1569
320		2642		768231		1586
321		2645		770626		1575
322		2658		773021		1596
323		2655		775415		1577
324		2642		777809		1592
325		2640		780204		1587
326		2644		782597		1592
327		2645		784992		1581
328		2644		787386		1581
329		2656		789780		1574
330		2655		792175		1590
331		2642		794569		1577
332		2632		796963		1598
333		2629		799355		1591
334		2636		801748		1583
335		2643		804141		1578
336		2649		806531		1591
337		2636		808926		1575
338		2642		811320		1586
339		2638		813714		1583
340		2632		816107		1604
341		2632		818500		1586
342		2626		820893		1597
343		2635		823285		1594
344		2628		825675		1599
345		2622		828070		1589
346		2624		830463		1601
347		2615		832855		1596
348		2623		835249		1610
349		2616		837643		1597
350		2618		840036		1605
351		2614		842429		1591
352		2622		844824		1600
353		2622		847217		1594
354		2609		849611		1591
355		2616		852006		1600
356		2610		854400		1599
357		2620		856794		1590
358		2617		859189		1593
359		2615		861583		1586
360		2618		863977		1599
361		2625		866372		1592
362		2629		868767		1605
363		2615		871161		1593
364		2614		873554		1598
365		2611		875946		1591
366		2616		878340		1601
367		2604		880733		1599
368		2603		883127		1598
369		2597		885519		1599
370		2606		887914		1606
371		2600		890309		1589
372		2602		892701		1599
373		2596		895094		1600
374		2593		897486		1606
375		2602		899879		1601
376		2603		902272		1596
377		2600		904666		1591
378		2595		907060		1606
379		2596		909455		1590
380		2593		911848		1600
381		2602		914241		1588
382		2589		916634		1595
383		2590		919028		1584
384		2595		921422		1600
385		2583		923817		1595
386		2585		926212		1598
387		2589		928604		1598
388		2587		930999		1610
389		2583		933393		1607
390		2587		935785		1608
391		2586		938177		1600
392		2593		940571		1611
393		2591		942965		1600
394		2593		945359		1608
395		2594		947752		1599
396		2596		950144		1613
397		2586		952538		1613
398		2592		954931		1606
399		2598		957326		1596
400		2595		959721		1601
401		2594		962116		1598
402		2591		964510		1605
403		2596		966904		1600
404		2601		969299		1608
405		2594		971694		1604
406		2593		974086		1612
407		2593		976477		1612
408		2592		978867		1618
409		2585		981262		1613
410		2589		983657		1619
411		2581		986051		1606
412		2585		988446		1613
413		2586		990840		1609
414		2580		993234		1615
415		2579		995629		1609
416		2594		998023		1619
417		2584		1000416		1608
418		2584		1002810		1615
419		2580		1005202		1611
420		2577		1007594		1617
421		2579		1009987		1606
422		2590		1012380		1624
423		2585		1014774		1610
424		2581		1017166		1623
425		2578		1019561		1607
426		2578		1021955		1613
427		2574		1024349		1609
428		2584		1026743		1616
429		2573		1029137		1606
430		2575		1031529		1606
431		2573		1033922		1598
432		2575		1036316		1614
433		2575		1038710		1606
434		2567		1041105		1611
435		2572		1043494		1608
436		2573		1045887		1616
437		2566		1048281		1614
438		2574		1050672		1615
439		2566		1053067		1614
440		2570		1055460		1613
441		2567		1057854		1611
442		2561		1060248		1616
443		2561		1062641		1612
444		2558		1065033		1612
445		2563		1067426		1610
446		2563		1069821		1611
447		2566		1072213		1605
448		2567		1074606		1610
449		2565		1076999		1607
450		2555		1079393		1615
451		2551		1081784		1603
452		2550		1084176		1605
453		2555		1086569		1607
454		2559		1088963		1620
455		2557		1091355		1611
456		2551		1093749		1619
457		2560		1096144		1616
458		2566		1098538		1622
459		2558		1100932		1616
460		2557		1103326		1618
461		2551		1105720		1611
462		2557		1108113		1623
463		2556		1110506		1616
464		2559		1112900		1617
465		2558		1115293		1619
466		2559		1117686		1626
467		2544		1120081		1618
468		2550		1122476		1622
469		2544		1124870		1617
470		2548		1127265		1626
471		2550		1129659		1612
472		2554		1132051		1625
473		2555		1134445		1618
474		2555		1136838		1627
475		2552		1139231		1619
476		2545		1141621		1624
477		2555		1144016		1614
478		2547		1146409		1619
479		2551		1148803		1615
480		2545		1151196		1614
481		2549		1153591		1614
482		2557		1155985		1617
483		2557		1158380		1611
484		2556		1160775		1612
485		2548		1163168		1600
486		2555		1165562		1616
487		2548		1167955		1606
488		2554		1170348		1613
489		2545		1172743		1613
490		2550		1175137		1620
491		2549		1177532		1617
492		2555		1179925		1617
493		2556		1182320		1619
494		2543		1184715		1624
495		2544		1187106		1615
496		2551		1189500		1619
497		2549		1191894		1601
498		2543		1194287		1606
499		2548		1196681		1611
500		2537		1199076		1607
501		2535		1201470		1607
502		2540		1203865		1614
503		2537		1206259		1614
504		2540		1208651		1621
505		2543		1211045		1619
506		2539		1213439		1619
507		2543		1215833		1613
508		2537		1218223		1623
509		2546		1220617		1615
510		2541		1223012		1606
511		2547		1225405		1620
512		2531		1227799		1622
513		2531		1230194		1624
514		2530		1232589		1623
515		2538		1234984		1615
516		2537		1237378		1620
517		2529		1239773		1609
518		2530		1242167		1620
519		2534		1244562		1619
520		2525		1246956		1619
521		2532		1249350		1621
522		2534		1251742		1625
523		2537		1254137		1618
524		2522		1256530		1615
525		2523		1258924		1607
526		2515		1261317		1618
527		2525		1263710		1610
528		2519		1266102		1621
529		2503		1268496		1617
530		2507		1270888		1610
531		2499		1273281		1609
532		2508		1275676		1615
533		2514		1278070		1611
534		2511		1280463		1622
535		2510		1282858		1618
536		2499		1285252		1627
537		2513		1287646		1625
538		2505		1290039		1629
539		2514		1292432		1629
540		2503		1294825		1641
541		2503		1297220		1624
542		2504		1299615		1637
543		2501		1302006		1629
544		2492		1304399		1632
545		2504		1306793		1616
546		2500		1309187		1633
547		2499		1311582		1626
548		2495		1313976		1631
549		2487		1316371		1627
550		2490		1318765		1637
551		2501		1321159		1629
552		2483		1323554		1632
553		2496		1325948		1627
554		2490		1328343		1636
555		2490		1330737		1628
556		2490		1333130		1633
557		2501		1335525		1630
558		2489		1337920		1631
559		2498		1340313		1625
560		2503		1342706		1632
561		2494		1345100		1624
562		2503		1347493		1638
563		2507		1349888		1623
564		2515		1352281		1632
565		2502		1354675		1625
566		2502		1357070		1637
567		2499		1359464		1622
568		2492		1361858		1641
569		2501		1364252		1629
570		2496		1366646		1633
571		2484		1369037		1626
572		2492		1371432		1636
573		2497		1373827		1620
574		2495		1376221		1636
575		2499		1378616		1624
576		2499		1381010		1639
577		2492		1383403		1629
578		2489		1385796		1640
579		2483		1388189		1627
580		2490		1390578		1640
581		2493		1392972		1625
582		2487		1395365		1638
583		2484		1397758		1636
584		2489		1400152		1637
585		2485		1402545		1620
586		2491		1404939		1633
587		2484		1407334		1630
588		2480		1409729		1637
589		2483		1412122		1623
590		2490		1414516		1638
591		2492		1416910		1621
592		2491		1419304		1635
593		2485		1421694		1621
594		2491		1424087		1637
595		2486		1426480		1626
596		2482		1428874		1641
597		2493		1431267		1637
598		2490		1433660		1643
599		2476		1436055		1624
600		2483		1438449		1634
601		2480		1440843		1616
602		2480		1443238		1625
603		2483		1445633		1616
604		2477		1448027		1630
605		2476		1450419		1620
606		2483		1452813		1634
607		2476		1455205		1627
608		2472		1457598		1647
609		2485		1459993		1630
610		2482		1462385		1630
611		2482		1464780		1632
612		2478		1467175		1625
613		2478		1469569		1628
614		2467		1471962		1638
615		2476		1474357		1626
616		2471		1476752		1642
617		2475		1479147		1628
618		2479		1481540		1636
619		2468		1483932		1633
620		2476		1486327		1648
621		2474		1488721		1632
622		2482		1491116		1650
623		2478		1493510		1637
624		2484		1495905		1639
625		2482		1498299		1630
626		2480		1500694		1646
627		2475		1503084		1635
628		2479		1505478		1648
629		2470		1507872		1633
630		2476		1510265		1643
631		2477		1512658		1624
632		2475		1515053		1641
633		2475		1517445		1632
634		2465		1519840		1639
635		2461		1522233		1628
636		2465		1524625		1636
637		2464		1527018		1635
638		2457		1529411		1638
639		2462		1531803		1634
640		2463		1534197		1641
641		2465		1536592		1628
642		2464		1538987		1638
643		2461		1541382		1622
644		2460		1543776		1641
645		2462		1546168		1629
646		2458		1548559		1639
647		2458		1550951		1632
648		2457		1553343		1638
649		2451		1555738		1635
650		2452		1558130		1639
651		2450		1560524		1634
652		2452		1562919		1637
653		2450		1565312		1630
654		2445		1567707		1639
655		2457		1570101		1628
656		2455		1572496		1634
657		2452		1574889		1620
658		2452		1577282		1638
659		2461		1579677		1623
660		2453		1582071		1640
661		2452		1584466		1631
662		2453		1586858		1637
663		2444		1589251		1626
664		2447		1591643		1632
665		2451		1594038		1628
666		2441		1596432		1632
667		2445		1598823		1625
668		2449		1601214		1627
669		2450		1603606		1624
670		2440		1606000		1637
671		2446		1608394		1627
672		2444		1610787		1635
673		2453		1613181		1618
674		2446		1615574		1635
675		2451		1617968		1633
676		2442		1620361		1642
677		2447		1622754		1631
678		2445		1625148		1643
679		2445		1627542		1635
680		2440		1629936		1637
681		2453		1632331		1629
682		2442		1634726		1643
683		2438		1637119		1631
684		2437		1639514		1643
685		2437		1641905		1632
686		2435		1644299		1642
687		2438		1646693		1627
688		2446		1649088		1644
689		2443		1651482		1635
690		2439		1653877		1643
691		2443		1656270		1640
692		2442		1658663		1646
693		2443		1661058		1631
694		2450		1663451		1647
695		2444		1665846		1638
696		2447		1668240		1644
697		2433		1670633		1632
698		2441		1673025		1646
699		2438		1675419		1636
700		2437		1677812		1652
701		2430		1680206		1636
702		2438		1682600		1648
703		2437		1684992		1642
704		2432		1687386		1655
705		2433		1689779		1635
706		2443		1692174		1644
707		2441		1694568		1634
708		2439		1696962		1646
709		2442		1699356		1634
710		2438		1701751		1649
711		2430		1704146		1634
712		2440		1706539		1658
713		2437		1708933		1639
714		2436		1711326		1641
715		2437		1713720		1640
716		2429		1716114		1654
717		2423		1718506		1640
718		2432		1720901		1646
719		2430		1723295		1639
720		2426		1725689		1653
721		2430		1728083		1638
722		2433		1730475		1655
723		2428		1732870		1648
724		2422		1735265		1650
725		2428		1737660		1640
726		2429		1740054		1648
727		2431		1742447		1638
728		2430		1744841		1644
729		2429		1747235		1645
730		2426		1749628		1651
731		2419		1752020		1643
732		2420		1754413		1655
733		2425		1756807		1642
734		2418		1759201		1650
735		2426		1761595		1638
736		2423		1763988		1651
737		2433		1766383		1640
738		2426		1768775		1647
739		2427		1771169		1643
740		2424		1773564		1647
741		2423		1775959		1642
742		2424		1778353		1657
743		2430		1780748		1643
744		2430		1783143		1650
745		2433		1785538		1641
746		2425		1787930		1651
747		2426		1790324		1638
748		2427		1792718		1650
749		2424		1795111		1643
750		2420		1797506		1652
751		2428		1799899		1643
752		2430		1802292		1650
753		2416		1804686		1637
754		2424		1807080		1646
755		2423		1809474		1643
756		2419		1811868		1654
757		2418		1814263		1643
758		2431		1816657		1654
759		2425		1819051		1641
760		2422		1821445		1653
761		2434		1823840		1640
762		2428		1826233		1656
763		2421		1828627		1644
764		2417		1831020		1656
765		2421		1833414		1645
766		2420		1835805		1660
767		2417		1838199		1649
768		2421		1840593		1666
769		2413		1842987		1655
770		2412		1845380		1654
771		2422		1847773		1651
772		2415		1850166		1659
773		2428		1852560		1650
774		2419		1854955		1660
775		2423		1857349		1650
776		2426		1859742		1663
777		2428		1862137		1648
778		2423		1864531		1656
779		2424		1866925		1647
780		2418		1869320		1660
781		2420		1871715		1654
782		2418		1874109		1662
783		2421		1876503		1658
784		2417		1878895		1664
785		2417		1881287		1654
786		2424		1883681		1667
787		2419		1886076		1651
788		2421		1888469		1666
789		2422		1890864		1651
790		2414		1893258		1665
791		2411		1895652		1652
792		2423		1898046		1669
793		2422		1900438		1663
794		2416		1902833		1669
795		2414		1905227		1653
796		2417		1907619		1663
797		2413		1910012		1654
798		2424		1912405		1669
799		2420		1914799		1654
800		2426		1917193		1664
801		2420		1919587		1654
802		2421		1921982		1662
803		2419		1924375		1657
804		2420		1926768		1660
805		2412		1929163		1649
806		2423		1931557		1666
807		2410		1933952		1650
808		2412		1936343		1668
809		2408		1938735		1658
810		2417		1941129		1666
811		2418		1943523		1661
812		2411		1945917		1672
813		2406		1948312		1662
814		2411		1950706		1667
815		2410		1953100		1667
816		2409		1955494		1671
817		2411		1957889		1663
818		2405		1960283		1669
819		2405		1962678		1657
820		2396		1965072		1665
821		2405		1967465		1662
822		2410		1969859		1671
823		2404		1972253		1662
824		2408		1974646		1675
825		2406		1977041		1659
826		2416		1979434		1680
827		2407		1981828		1665
828		2398		1984223		1669
829		2398		1986616		1662
830		2400		1989011		1676
831		2406		1991404		1663
832		2413		1993799		1676
833		2399		1996191		1663
834		2402		1998586		1670
835		2398		2000979		1656
836		2397		2003373		1667
837		2403		2005764		1661
838		2407		2008157		1671
839		2402		2010552		1660
840		2406		2012946		1672
841		2406		2015340		1663
842		2408		2017735		1673
843		2413		2020130		1660
844		2408		2022523		1672
845		2408		2024918		1667
846		2409		2027313		1678
847		2408		2029707		1672
848		2403		2032099		1677
849		2410		2034491		1669
850		2400		2036886		1670
851		2409		2039279		1669
852		2408		2041673		1673
853		2403		2044066		1662
854		2404		2046460		1672
855		2397		2048854		1665
856		2409		2051248		1679
857		2409		2053639		1671
858		2407		2056030		1681
859		2404		2058425		1664
860		2410		2060819		1681
861		2405		2063214		1667
862		2407		2065609		1675
863		2408		2068002		1667
864		2406		2070397		1673
865		2405		2072791		1669
866		2401		2075182		1674
867		2393		2077577		1674
868		2398		2079970		1684
869		2399		2082364		1666
870		2399		2084758		1677
871		2395		2087153		1665
872		2397		2089548		1681
873		2398		2091942		1667
874		2397		2094336		1679
875		2397		2096729		1675
876		2392		2099123		1679
877		2401		2101514		1666
878		2400		2103907		1679
879		2397		2106302		1669
880		2402		2108693		1682
881		2408		2111088		1666
882		2404		2113483		1686
883		2395		2115878		1665
884		2393		2118272		1674
885		2401		2120667		1673
886		2390		2123062		1675
887		2394		2125454		1667
888		2392		2127848		1666
889		2396		2130242		1667
890		2390		2132631		1676
891		2399		2135024		1666
892		2403		2137419		1664
893		2398		2139812		1667
894		2393		2142207		1671
895		2390		2144601		1669
896		2386		2146996		1677
897		2390		2149390		1670
898		2390		2151784		1674
899		2391		2154178		1665
900		2384		2156572		1667
901		2382		2158964		1664
902		2387		2161358		1680
903		2382		2163752		1668
904		2375		2166146		1673
905		2384		2168539		1664
906		2377		2170934		1674
907		2377		2173328		1668
908		2372		2175722		1676
909		2372		2178117		1668
910		2377		2180511		1673
911		2371		2182904		1660
912		2368		2185299		1668
913		2372		2187688		1665
914		2364		2190082		1671
915		2369		2192476		1665
916		2368		2194868		1673
917		2378		2197262		1664
918		2370		2199656		1675
919		2374		2202050		1665
920		2367		2204444		1679
921		2372		2206837		1664
922		2366		2209232		1668
923		2374		2211627		1670
924		2362		2214018		1670
925		2372		2216412		1667
926		2372		2218805		1672
927		2372		2221199		1660
928		2372		2223594		1671
929		2371		2225989		1664
930		2371		2228384		1673
931		2372		2230778		1659
932		2370		2233173		1674
933		2368		2235565		1666
934		2365		2237959		1675
935		2367		2240352		1665
936		2365		2242746		1671
937		2367		2245138		1660
938		2365		2247528		1673
939		2368		2249920		1663
940		2370		2252312		1672
941		2372		2254707		1664
942		2364		2257100		1664
943		2367		2259495		1669
944		2367		2261889		1674
945		2372		2264282		1663
946		2364		2266676		1664
947		2366		2269071		1657
948		2367		2271465		1666
949		2369		2273859		1658
950		2368		2276254		1669
951		2366		2278644		1658
952		2363		2281038		1665
953		2367		2283431		1670
954		2359		2285826		1669
955		2360		2288219		1662
956		2362		2290614		1674
957		2362		2293006		1663
958		2369		2295399		1678
959		2363		2297791		1663
960		2365		2300186		1668
961		2362		2302580		1662
962		2364		2304973		1672
963		2364		2307367		1662
964		2359		2309761		1671
965		2366		2312154		1668
966		2367		2314548		1675
967		2367		2316942		1666
968		2367		2319336		1666
969		2369		2321730		1663
970		2367		2324125		1667
971		2368		2326520		1666
972		2367		2328913		1660
973		2366		2331306		1667
974		2358		2333701		1671
975		2361		2336092		1655
976		2361		2338486		1666
977		2366		2340880		1665
978		2364		2343273		1662
979		2366		2345667		1663
980		2363		2348058		1664
981		2365		2350452		1654
982		2367		2352847		1669
983		2373		2355239		1661
984		2366		2357632		1664
985		2364		2360025		1660
986		2367		2362420		1667
987		2370		2364813		1663
988		2363		2367207		1663
989		2367		2369601		1660
990		2359		2371992		1664
991		2363		2374387		1665
992		2362		2376782		1663
993		2367		2379177		1661
994		2362		2381571		1674
995		2365		2383965		1659
996		2359		2386360		1664
997		2368		2388754		1661
998		2364		2391148		1673
999		2361		2393541		1664
