# Migration is number of nodes that have changed color.

Round		Edge-Cut		Swaps		Migrations		Skipped
0		112794		2728		1732
1		97166		5446		1925
2		84266		8151		2012
3		74575		10849		2010
4		66937		13549		2024
5		61942		16237		2021
6		57294		18920		2001
7		54479		21592		2051
8		51962		24247		2037
9		50183		26905		2045
10		48428		29581		2041
11		47680		32231		2029
12		46847		34871		2040
13		46367		37539		2032
14		45747		40179		2046
15		45169		42819		2035
16		44544		45486		2042
17		44256		48133		2042
18		43890		50780		2042
19		43736		53418		2056
20		43525		56067		2058
21		43325		58704		2068
22		43215		61367		2053
23		43115		64026		2058
24		43011		66674		2050
25		42806		69317		2043
26		42665		71963		2052
27		42624		74619		2051
28		42541		77275		2046
29		42458		79929		2044
30		42401		82580		2046
31		42346		85228		2047
32		42237		87879		2043
33		42223		90525		2048
34		42207		93174		2052
35		42182		95831		2054
36		42172		98480		2050
37		42161		101120		2049
38		42162		103779		2049
39		42147		106414		2042
40		42098		109057		2048
41		42061		111702		2045
42		41996		114366		2052
43		41970		117024		2049
44		41918		119662		2050
45		41907		122307		2051
46		41874		124949		2046
47		41817		127587		2043
48		41818		130231		2041
49		41799		132881		2038
50		41757		135528		2032
51		41746		138178		2033
52		41720		140824		2035
53		41719		143481		2034
54		41718		146123		2032
55		41718		148765		2034
56		41707		151419		2036
57		41689		154051		2035
58		41686		156691		2035
59		41687		159335		2037
60		41692		161976		2037
61		41666		164618		2036
62		41670		167268		2037
63		41635		169901		2031
64		41634		172550		2029
65		41623		175189		2032
66		41620		177828		2035
67		41624		180459		2034
68		41628		183100		2035
69		41630		185749		2036
70		41608		188403		2035
71		41612		191044		2033
72		41608		193700		2025
73		41602		196351		2031
74		41601		199005		2026
75		41594		201655		2030
76		41601		204306		2027
77		41600		206944		2028
78		41604		209594		2027
79		41604		212234		2030
80		41598		214878		2027
81		41591		217533		2023
82		41598		220194		2019
83		41597		222838		2023
84		41595		225486		2016
85		41596		228144		2018
86		41597		230795		2016
87		41593		233449		2021
88		41583		236089		2022
89		41581		238742		2029
90		41574		241388		2027
91		41577		244038		2021
92		41576		246678		2025
93		41570		249335		2025
94		41558		251989		2033
95		41558		254635		2032
96		41560		257288		2032
97		41556		259939		2033
98		41554		262591		2032
99		41555		265222		2032
100		41543		267849		2033
101		41542		270484		2030
102		41543		273135		2031
103		41543		275781		2030
104		41538		278429		2034
105		41540		281071		2033
106		41542		283714		2028
107		41531		286347		2026
108		41532		288994		2026
109		41533		291646		2023
110		41532		294281		2025
111		41531		296940		2024
112		41527		299581		2024
113		41530		302223		2023
114		41530		304879		2025
115		41534		307512		2024
116		41535		310161		2027
117		41537		312807		2026
118		41540		315436		2026
119		41537		318068		2027
120		41535		320700		2028
121		41534		323341		2028
122		41527		325996		2026
123		41520		328658		2023
124		41514		331286		2024
125		41512		333929		2021
126		41507		336576		2016
127		41504		339230		2015
128		41503		341868		2016
129		41500		344511		2014
130		41496		347152		2012
131		41498		349808		2013
132		41502		352442		2016
133		41501		355087		2015
134		41504		357727		2015
135		41505		360377		2018
136		41499		363024		2018
137		41497		365668		2019
138		41503		368327		2029
139		41504		370972		2027
140		41501		373629		2028
141		41502		376289		2026
142		41505		378932		2026
143		41498		381578		2023
144		41491		384230		2024
145		41490		386870		2025
146		41489		389511		2022
147		41493		392156		2025
148		41488		394792		2029
149		41483		397438		2034
150		41478		400088		2037
151		41474		402746		2038
152		41469		405397		2031
153		41469		408052		2035
154		41470		410711		2041
155		41471		413348		2034
156		41470		415983		2030
157		41474		418628		2032
158		41482		421275		2037
159		41473		423922		2037
160		41477		426565		2040
161		41473		429216		2042
162		41478		431867		2038
163		41479		434513		2038
164		41467		437168		2032
165		41466		439811		2034
166		41468		442466		2033
167		41468		445107		2031
168		41456		447766		2029
169		41455		450420		2031
170		41459		453064		2034
171		41450		455707		2036
172		41452		458352		2037
173		41453		460984		2036
174		41442		463614		2033
175		41442		466252		2030
176		41445		468908		2030
177		41449		471554		2030
178		41443		474190		2027
179		41444		476849		2030
180		41443		479504		2032
181		41444		482149		2030
182		41444		484794		2030
183		41449		487440		2034
184		41447		490071		2036
185		41452		492731		2034
186		41445		495368		2034
187		41448		498018		2032
188		41447		500655		2029
189		41448		503299		2029
190		41442		505945		2026
191		41440		508602		2034
192		41441		511245		2034
193		41439		513880		2032
194		41443		516517		2031
195		41437		519149		2030
196		41434		521790		2034
197		41436		524443		2034
198		41436		527096		2035
199		41437		529755		2032
200		41441		532402		2034
201		41439		535058		2029
202		41437		537713		2030
203		41438		540372		2028
204		41431		543019		2022
205		41428		545663		2025
206		41430		548317		2023
207		41418		550970		2020
208		41411		553619		2021
209		41396		556264		2026
210		41372		558909		2027
211		41310		561570		2029
212		41253		564220		2027
213		41242		566874		2033
214		41214		569523		2036
215		41197		572169		2030
216		41158		574830		2026
217		41147		577488		2017
218		41133		580145		2016
219		41116		582802		2026
220		41098		585457		2032
221		41084		588118		2034
222		41055		590772		2028
223		41048		593417		2028
224		41037		596084		2030
225		41035		598738		2026
226		41019		601417		2034
227		41013		604082		2027
228		41011		606733		2028
229		41006		609385		2029
230		41003		612031		2032
231		40996		614684		2027
232		40985		617352		2031
233		40978		620008		2027
234		40972		622647		2028
235		40964		625304		2025
236		40961		627961		2025
237		40960		630603		2023
238		40957		633240		2023
239		40953		635890		2019
240		40957		638533		2021
241		40961		641180		2018
242		40955		643833		2024
243		40940		646479		2020
244		40945		649140		2023
245		40944		651795		2028
246		40944		654451		2032
247		40943		657099		2032
248		40947		659747		2028
249		40949		662407		2026
250		40951		665064		2028
251		40948		667708		2024
252		40945		670347		2024
253		40943		673008		2026
254		40942		675648		2027
255		40931		678307		2029
256		40939		680964		2030
257		40934		683604		2025
258		40934		686260		2027
259		40930		688912		2029
260		40934		691559		2029
261		40923		694204		2026
262		40922		696844		2022
263		40925		699472		2032
264		40927		702121		2020
265		40930		704772		2024
266		40918		707423		2021
267		40917		710087		2021
268		40914		712730		2022
269		40913		715399		2021
270		40912		718062		2025
271		40916		720718		2025
272		40907		723376		2027
273		40910		726032		2021
274		40901		728677		2022
275		40899		731320		2021
276		40898		733966		2023
277		40893		736625		2027
278		40891		739267		2023
279		40896		741913		2027
280		40900		744566		2027
281		40901		747219		2020
282		40898		749872		2023
283		40899		752533		2024
284		40896		755194		2024
285		40895		757858		2023
286		40896		760502		2022
287		40885		763164		2022
288		40886		765819		2025
289		40888		768480		2023
290		40885		771132		2025
291		40883		773792		2026
292		40881		776452		2027
293		40882		779088		2029
294		40885		781736		2027
295		40884		784387		2030
296		40880		787037		2034
297		40874		789673		2034
298		40876		792328		2032
299		40878		794971		2033
300		40884		797621		2028
301		40884		800276		2032
302		40881		802932		2035
303		40886		805581		2036
304		40887		808232		2035
305		40881		810870		2036
306		40877		813527		2035
307		40880		816180		2033
308		40880		818819		2032
309		40880		821476		2030
310		40877		824116		2032
311		40883		826758		2032
312		40882		829402		2032
313		40882		832055		2034
314		40879		834710		2041
315		40876		837336		2037
316		40877		839989		2036
317		40879		842646		2036
318		40878		845294		2037
319		40876		847937		2035
320		40875		850605		2038
321		40876		853257		2039
322		40875		855905		2038
323		40874		858556		2037
324		40872		861217		2036
325		40870		863864		2034
326		40869		866518		2033
327		40869		869166		2032
328		40876		871800		2036
329		40873		874442		2035
330		40877		877088		2034
331		40875		879738		2030
332		40876		882389		2029
333		40876		885030		2028
334		40876		887678		2031
335		40873		890317		2034
336		40874		892965		2035
337		40875		895618		2029
338		40873		898268		2029
339		40874		900931		2028
340		40874		903581		2030
341		40871		906236		2029
342		40873		908874		2028
343		40872		911522		2026
344		40871		914171		2025
345		40871		916817		2032
346		40875		919469		2033
347		40874		922120		2033
348		40874		924762		2039
349		40877		927411		2036
350		40873		930059		2043
351		40873		932690		2040
352		40873		935332		2036
353		40870		937978		2030
354		40871		940629		2031
355		40871		943264		2033
356		40873		945926		2032
357		40873		948582		2035
358		40873		951234		2036
359		40869		953879		2029
360		40869		956526		2031
361		40869		959190		2026
362		40868		961842		2033
363		40868		964495		2037
364		40868		967152		2036
365		40868		969780		2032
366		40868		972435		2032
367		40868		975087		2031
368		40867		977728		2031
369		40866		980382		2028
370		40863		983028		2031
371		40863		985667		2033
372		40863		988309		2030
373		40863		990958		2031
374		40862		993612		2031
375		40862		996254		2034
376		40862		998905		2034
377		40862		1001552		2034
378		40862		1004205		2036
379		40862		1006854		2034
380		40862		1009497		2029
381		40862		1012142		2031
382		40861		1014801		2029
383		40862		1017448		2026
384		40865		1020100		2025
385		40863		1022751		2024
386		40859		1025410		2025
387		40859		1028046		2025
388		40860		1030712		2025
389		40858		1033375		2027
390		40858		1036029		2028
391		40862		1038692		2028
392		40860		1041338		2029
393		40860		1043996		2031
394		40859		1046649		2033
395		40863		1049295		2029
396		40864		1051950		2032
397		40865		1054585		2033
398		40863		1057249		2029
399		40863		1059889		2030
400		40861		1062542		2031
401		40860		1065195		2030
402		40863		1067835		2028
403		40864		1070485		2031
404		40866		1073114		2029
405		40866		1075758		2029
406		40864		1078405		2031
407		40866		1081055		2033
408		40868		1083711		2036
409		40871		1086360		2036
410		40865		1089013		2034
411		40863		1091669		2031
412		40863		1094325		2030
413		40860		1096980		2029
414		40860		1099620		2028
415		40860		1102265		2029
416		40860		1104942		2033
417		40860		1107609		2032
418		40861		1110242		2032
419		40859		1112885		2029
420		40859		1115526		2028
421		40859		1118184		2026
422		40859		1120834		2025
423		40859		1123489		2027
424		40861		1126148		2025
425		40865		1128807		2030
426		40862		1131457		2029
427		40864		1134103		2030
428		40862		1136751		2031
429		40866		1139399		2030
430		40862		1142057		2031
431		40863		1144708		2031
432		40864		1147358		2034
433		40861		1150009		2032
434		40862		1152662		2033
435		40864		1155294		2034
436		40866		1157951		2030
437		40859		1160592		2030
438		40858		1163240		2033
439		40859		1165900		2031
440		40861		1168555		2029
441		40860		1171211		2030
442		40860		1173862		2028
443		40860		1176506		2029
444		40858		1179160		2032
445		40861		1181799		2031
446		40865		1184440		2033
447		40867		1187094		2036
448		40863		1189738		2036
449		40860		1192390		2033
450		40861		1195051		2031
451		40860		1197706		2031
452		40860		1200357		2032
453		40860		1203009		2035
454		40862		1205640		2032
455		40861		1208288		2035
456		40861		1210943		2039
457		40860		1213593		2038
458		40859		1216253		2038
459		40862		1218899		2041
460		40862		1221551		2041
461		40862		1224194		2042
462		40861		1226846		2043
463		40863		1229496		2041
464		40862		1232138		2039
465		40862		1234787		2038
466		40859		1237431		2034
467		40859		1240072		2034
468		40858		1242706		2029
469		40859		1245357		2030
470		40859		1247999		2031
471		40859		1250657		2031
472		40859		1253321		2028
473		40858		1255973		2029
474		40862		1258638		2031
475		40862		1261289		2028
476		40863		1263955		2027
477		40862		1266613		2025
478		40865		1269267		2030
479		40864		1271918		2026
480		40862		1274570		2026
481		40865		1277217		2025
482		40865		1279884		2025
483		40862		1282541		2026
484		40864		1285199		2030
485		40866		1287840		2032
486		40865		1290504		2034
487		40862		1293163		2030
488		40865		1295813		2032
489		40865		1298462		2033
490		40861		1301112		2035
491		40864		1303771		2033
492		40862		1306440		2036
493		40861		1309085		2037
494		40860		1311733		2036
495		40860		1314391		2036
496		40860		1317043		2033
497		40860		1319688		2032
498		40859		1322339		2034
499		40861		1324987		2035
500		40860		1327639		2034
501		40862		1330285		2033
502		40859		1332931		2031
503		40858		1335575		2031
504		40856		1338225		2031
505		40858		1340881		2034
506		40861		1343530		2034
507		40864		1346184		2031
508		40860		1348822		2030
509		40862		1351478		2028
510		40861		1354130		2027
511		40860		1356783		2029
512		40859		1359436		2026
513		40858		1362082		2030
514		40858		1364727		2030
515		40860		1367385		2032
516		40860		1370018		2031
517		40859		1372668		2031
518		40859		1375328		2034
519		40859		1377984		2034
520		40860		1380628		2034
521		40861		1383273		2033
522		40861		1385921		2027
523		40861		1388567		2029
524		40862		1391204		2027
525		40862		1393855		2025
526		40861		1396507		2023
527		40860		1399143		2027
528		40861		1401803		2025
529		40859		1404446		2026
530		40865		1407089		2028
531		40865		1409741		2025
532		40863		1412388		2025
533		40862		1415019		2026
534		40860		1417672		2028
535		40862		1420325		2029
536		40862		1422977		2032
537		40862		1425620		2033
538		40862		1428269		2034
539		40864		1430926		2036
540		40862		1433579		2037
541		40862		1436229		2037
542		40861		1438884		2035
543		40861		1441523		2034
544		40865		1444175		2032
545		40867		1446809		2035
546		40863		1449459		2036
547		40865		1452117		2036
548		40863		1454758		2038
549		40860		1457409		2032
550		40860		1460044		2033
551		40860		1462678		2033
552		40862		1465328		2037
553		40858		1467991		2033
554		40858		1470653		2032
555		40860		1473310		2032
556		40862		1475964		2030
557		40858		1478617		2030
558		40860		1481259		2032
559		40859		1483894		2036
560		40859		1486520		2037
561		40856		1489175		2035
562		40856		1491828		2036
563		40857		1494473		2036
564		40855		1497110		2037
565		40856		1499758		2037
566		40856		1502401		2035
567		40856		1505037		2035
568		40860		1507687		2033
569		40860		1510335		2030
570		40858		1512982		2032
571		40864		1515632		2027
572		40866		1518284		2031
573		40868		1520938		2029
574		40864		1523592		2030
575		40866		1526250		2029
576		40865		1528914		2030
577		40862		1531566		2030
578		40865		1534215		2029
579		40862		1536870		2034
580		40861		1539529		2036
581		40858		1542186		2038
582		40856		1544824		2041
583		40858		1547479		2038
584		40858		1550134		2037
585		40858		1552782		2037
586		40857		1555426		2035
587		40855		1558085		2035
588		40854		1560721		2035
589		40854		1563369		2034
590		40856		1566016		2030
591		40856		1568660		2030
592		40860		1571299		2028
593		40860		1573957		2028
594		40860		1576594		2026
595		40859		1579238		2027
596		40859		1581895		2028
597		40860		1584531		2027
598		40859		1587178		2029
599		40857		1589826		2028
600		40855		1592489		2028
601		40857		1595152		2030
602		40855		1597804		2033
603		40857		1600448		2033
604		40855		1603097		2032
605		40858		1605757		2028
606		40858		1608406		2027
607		40856		1611048		2029
608		40853		1613708		2031
609		40853		1616346		2032
610		40852		1619003		2029
611		40854		1621652		2029
612		40852		1624308		2028
613		40852		1626975		2027
614		40852		1629626		2028
615		40851		1632269		2031
616		40851		1634905		2030
617		40851		1637557		2029
618		40852		1640221		2030
619		40852		1642860		2031
620		40852		1645516		2028
621		40853		1648161		2029
622		40853		1650803		2029
623		40854		1653463		2027
624		40854		1656115		2028
625		40853		1658748		2026
626		40854		1661391		2028
627		40853		1664045		2026
628		40853		1666679		2027
629		40852		1669314		2027
630		40852		1671955		2027
631		40853		1674602		2031
632		40852		1677237		2035
633		40854		1679890		2033
634		40854		1682547		2032
635		40857		1685206		2033
636		40852		1687855		2030
637		40854		1690510		2032
638		40854		1693160		2033
639		40854		1695795		2032
640		40852		1698448		2032
641		40854		1701080		2030
642		40854		1703724		2031
643		40851		1706361		2034
644		40852		1709009		2034
645		40853		1711667		2030
646		40855		1714323		2027
647		40852		1716964		2028
648		40852		1719602		2027
649		40852		1722250		2030
650		40851		1724904		2031
651		40851		1727547		2033
652		40851		1730202		2031
653		40851		1732858		2031
654		40851		1735510		2031
655		40851		1738156		2033
656		40851		1740799		2036
657		40851		1743445		2034
658		40853		1746096		2035
659		40854		1748746		2035
660		40857		1751402		2035
661		40853		1754056		2033
662		40853		1756703		2032
663		40853		1759347		2035
664		40853		1761996		2034
665		40853		1764637		2038
666		40855		1767287		2035
667		40852		1769942		2037
668		40852		1772593		2036
669		40852		1775246		2035
670		40852		1777886		2036
671		40853		1780537		2033
672		40853		1783204		2034
673		40853		1785861		2034
674		40855		1788514		2031
675		40853		1791160		2034
676		40854		1793802		2035
677		40853		1796439		2034
678		40853		1799092		2041
679		40855		1801749		2043
680		40858		1804390		2043
681		40859		1807037		2040
682		40858		1809692		2040
683		40858		1812338		2039
684		40855		1814986		2041
685		40856		1817627		2039
686		40859		1820284		2039
687		40860		1822935		2041
688		40861		1825566		2033
689		40863		1828221		2031
690		40861		1830860		2034
691		40858		1833514		2033
692		40859		1836172		2036
693		40859		1838819		2037
694		40857		1841480		2038
695		40856		1844118		2039
696		40860		1846771		2039
697		40860		1849410		2040
698		40860		1852057		2034
699		40857		1854703		2035
700		40857		1857355		2033
701		40856		1860018		2031
702		40856		1862681		2028
703		40854		1865333		2025
704		40854		1867967		2028
705		40854		1870605		2027
706		40853		1873256		2027
707		40851		1875897		2031
708		40852		1878539		2032
709		40852		1881204		2030
710		40852		1883851		2031
711		40852		1886514		2030
712		40852		1889170		2031
713		40852		1891822		2031
714		40852		1894456		2032
715		40856		1897112		2036
716		40853		1899762		2035
717		40854		1902407		2035
718		40852		1905046		2032
719		40852		1907706		2034
720		40852		1910341		2033
721		40851		1912988		2031
722		40851		1915637		2030
723		40851		1918274		2030
724		40851		1920927		2030
725		40853		1923592		2028
726		40853		1926254		2026
727		40853		1928901		2027
728		40852		1931553		2025
729		40857		1934211		2026
730		40853		1936871		2024
731		40855		1939519		2028
732		40851		1942173		2026
733		40852		1944812		2028
734		40855		1947453		2029
735		40852		1950103		2028
736		40853		1952739		2025
737		40855		1955394		2025
738		40854		1958057		2026
739		40856		1960709		2029
740		40854		1963356		2027
741		40854		1966006		2030
742		40852		1968639		2031
743		40854		1971285		2030
744		40852		1973938		2030
745		40852		1976579		2029
746		40854		1979216		2025
747		40854		1981864		2026
748		40854		1984518		2027
749		40855		1987159		2026
750		40860		1989815		2026
751		40859		1992461		2027
752		40858		1995124		2030
753		40859		1997761		2029
754		40858		2000409		2031
755		40858		2003045		2030
756		40855		2005676		2025
757		40854		2008313		2026
758		40853		2010950		2031
759		40854		2013588		2029
760		40858		2016233		2031
761		40860		2018879		2034
762		40857		2021522		2034
763		40855		2024162		2032
764		40855		2026806		2031
765		40856		2029472		2034
766		40853		2032105		2034
767		40852		2034743		2031
768		40852		2037394		2030
769		40852		2040044		2031
770		40854		2042676		2032
771		40852		2045335		2031
772		40856		2047991		2029
773		40858		2050641		2029
774		40855		2053308		2031
775		40851		2055953		2026
776		40853		2058619		2026
777		40853		2061269		2030
778		40850		2063923		2029
779		40852		2066559		2029
780		40850		2069216		2026
781		40851		2071868		2028
782		40849		2074510		2025
783		40850		2077163		2023
784		40850		2079814		2028
785		40850		2082463		2029
786		40846		2085102		2030
787		40846		2087755		2031
788		40848		2090405		2029
789		40848		2093041		2029
790		40848		2095701		2030
791		40848		2098351		2030
792		40848		2101001		2027
793		40848		2103651		2027
794		40848		2106288		2029
795		40847		2108949		2027
796		40847		2111604		2026
797		40847		2114251		2024
798		40847		2116888		2026
799		40849		2119554		2027
800		40849		2122200		2024
801		40849		2124832		2025
802		40849		2127485		2024
803		40849		2130133		2020
804		40849		2132790		2018
805		40849		2135443		2021
806		40849		2138095		2023
807		40849		2140752		2020
808		40848		2143421		2019
809		40851		2146070		2022
810		40849		2148719		2022
811		40849		2151358		2022
812		40852		2153998		2022
813		40852		2156642		2027
814		40851		2159292		2026
815		40851		2161927		2030
816		40851		2164571		2028
817		40853		2167212		2029
818		40859		2169882		2026
819		40855		2172528		2030
820		40855		2175185		2028
821		40855		2177838		2028
822		40854		2180470		2031
823		40854		2183128		2035
824		40852		2185785		2031
825		40852		2188422		2033
826		40852		2191069		2030
827		40852		2193720		2030
828		40852		2196383		2030
829		40853		2199029		2030
830		40853		2201676		2029
831		40853		2204329		2028
832		40850		2206986		2031
833		40850		2209643		2035
834		40851		2212295		2036
835		40851		2214934		2037
836		40849		2217590		2036
837		40850		2220226		2035
838		40850		2222861		2036
839		40852		2225505		2035
840		40850		2228148		2035
841		40849		2230805		2035
842		40849		2233452		2036
843		40848		2236106		2035
844		40848		2238747		2033
845		40849		2241399		2032
846		40847		2244051		2035
847		40847		2246701		2032
848		40847		2249345		2033
849		40847		2251996		2037
850		40847		2254643		2036
851		40847		2257299		2036
852		40849		2259949		2043
853		40849		2262617		2041
854		40848		2265261		2042
855		40848		2267901		2041
856		40848		2270532		2040
857		40849		2273200		2039
858		40848		2275853		2040
859		40852		2278508		2038
860		40854		2281147		2037
861		40852		2283796		2039
862		40856		2286432		2036
863		40854		2289091		2036
864		40852		2291742		2036
865		40854		2294378		2037
866		40853		2297028		2039
867		40856		2299675		2037
868		40858		2302309		2040
869		40863		2304966		2038
870		40856		2307614		2037
871		40854		2310267		2035
872		40853		2312898		2035
873		40850		2315556		2033
874		40852		2318211		2032
875		40850		2320876		2031
876		40850		2323525		2032
877		40850		2326177		2030
878		40848		2328828		2028
879		40850		2331479		2028
880		40848		2334114		2029
881		40848		2336762		2029
882		40848		2339410		2027
883		40848		2342051		2025
884		40847		2344686		2027
885		40847		2347342		2031
886		40847		2349994		2029
887		40848		2352638		2028
888		40848		2355278		2025
889		40848		2357926		2022
890		40847		2360579		2025
891		40848		2363230		2026
892		40848		2365881		2028
893		40847		2368530		2029
894		40847		2371197		2027
895		40847		2373849		2026
896		40847		2376497		2027
897		40848		2379145		2027
898		40849		2381788		2026
899		40850		2384436		2025
900		40850		2387088		2024
901		40848		2389727		2031
902		40851		2392371		2028
903		40849		2395036		2028
904		40847		2397688		2027
905		40847		2400338		2029
906		40847		2403004		2029
907		40845		2405665		2028
908		40845		2408314		2026
909		40847		2410968		2026
910		40848		2413623		2029
911		40849		2416262		2028
912		40849		2418909		2029
913		40849		2421546		2028
914		40849		2424184		2028
915		40849		2426832		2030
916		40849		2429481		2030
917		40849		2432142		2031
918		40849		2434783		2030
919		40851		2437438		2031
920		40850		2440101		2030
921		40850		2442753		2025
922		40849		2445411		2027
923		40848		2448068		2030
924		40850		2450722		2028
925		40850		2453375		2028
926		40848		2456015		2027
927		40848		2458658		2028
928		40848		2461322		2027
929		40848		2463979		2031
930		40848		2466627		2031
931		40848		2469280		2028
932		40848		2471914		2028
933		40848		2474582		2028
934		40850		2477234		2027
935		40848		2479890		2029
936		40847		2482551		2026
937		40848		2485193		2028
938		40848		2487842		2028
939		40848		2490496		2027
940		40848		2493150		2024
941		40854		2495798		2027
942		40852		2498445		2025
943		40854		2501095		2024
944		40853		2503748		2029
945		40852		2506400		2026
946		40851		2509038		2029
947		40851		2511682		2024
948		40851		2514322		2027
949		40852		2516965		2027
950		40852		2519620		2025
951		40852		2522274		2025
952		40852		2524928		2027
953		40852		2527585		2026
954		40852		2530238		2025
955		40850		2532884		2026
956		40850		2535533		2030
957		40850		2538196		2030
958		40850		2540841		2032
959		40854		2543474		2031
960		40852		2546128		2033
961		40850		2548783		2028
962		40851		2551445		2028
963		40849		2554101		2033
964		40851		2556778		2032
965		40850		2559423		2035
966		40853		2562077		2035
967		40852		2564731		2035
968		40854		2567376		2034
969		40851		2570036		2035
970		40852		2572678		2032
971		40853		2575333		2033
972		40852		2577991		2029
973		40852		2580639		2026
974		40852		2583280		2023
975		40853		2585926		2025
976		40852		2588560		2025
977		40852		2591194		2024
978		40852		2593833		2026
979		40854		2596491		2028
980		40853		2599148		2026
981		40853		2601801		2029
982		40857		2604456		2031
983		40860		2607097		2032
984		40857		2609734		2035
985		40857		2612374		2031
986		40854		2615022		2029
987		40854		2617661		2029
988		40853		2620300		2028
989		40855		2622959		2029
990		40856		2625611		2027
991		40857		2628264		2031
992		40857		2630918		2030
993		40860		2633562		2028
994		40856		2636237		2034
995		40856		2638880		2034
996		40856		2641531		2029
997		40855		2644185		2027
998		40857		2646827		2026
999		40855		2649471		2024
